0.00004
0.70516
7.04485
3.06845
3.80464
1.23564
0.24094
5.67946
5.68619
13.64327
2.41850
3.66377
8.88826
0.17592
0.27472
3.77192
5.56076
0.03864
2.41780
0.34591
2.70201
5.80413
4.44553
13.32758
9.35943
3.74255
0.48236
5.30541
2.68927
6.03975
12.05758
7.18159
1.52213
0.24314
6.66058
1.98923
5.00705
7.06135
23.57347
2.27332
1.41871
20.24216
6.41256
6.99904
5.27085
0.37731
4.99340
10.80140
1.59215
2.86715
7.27275
3.24787
1.35756
1.60728
2.22570
0.91065
3.33270
11.39709
11.99593
0.31238
11.75117
3.51117
3.63137
1.92121
21.57824
3.40586
1.54722
0.47558
14.75994
0.38305
3.47281
2.42370
1.62230
12.25644
3.77243
3.12227
14.14939
0.25691
7.16723
7.35283
8.79600
0.66975
0.07997
5.83106
10.13414
4.96510
6.66328
6.46242
37.60011
10.97189
1.32761
1.82874
2.16173
3.60027
4.47159
9.35341
2.65583
9.21034
1.56888
2.68409
3.85342
3.15478
1.69286
0.98207
0.83452
4.23913
8.10770
0.16806
3.82268
3.45056
15.54571
6.89744
4.04373
11.07001
4.90214
9.22705
0.87038
1.19606
6.27124
0.69877
0.47700
1.60508
0.01502
2.67468
0.13622
6.18626
13.89483
1.37160
0.99772
1.91025
10.90142
5.27861
0.81457
5.71825
2.43729
2.45287
3.46315
0.79810
4.42380
9.34026
4.45932
15.55110
4.06130
0.80173
20.46326
2.62772
0.76471
4.16088
1.45261
3.35218
3.11839
16.23318
0.67355
1.11420
1.92280
4.96139
0.67745
5.26705
4.85947
8.12461
1.42404
3.23544
2.46586
1.13607
0.14393
11.59731
2.77996
0.76588
14.73345
2.64082
0.70315
10.84239
0.48351
0.88487
0.36857
2.27332
1.45883
0.72576
7.64282
3.03767
2.15026
3.01014
8.27596
13.41735
5.27268
1.21194
5.69081
11.98019
1.43925
9.86137
3.18631
3.52565
4.58638
8.50671
7.04973
3.10176
15.11731
5.00841
2.89312
8.70621
5.83950
6.05678
21.77031
15.44087
9.52810
1.70764
3.85474
3.61221
0.54592
2.67242
4.29857
10.46023
2.89944
6.54200
10.17287
6.28761
8.06523
6.12999
6.76848
0.09639
10.85915
3.72207
3.11179
0.33708
6.24873
3.35637
5.50827
5.72929
1.11294
12.42257
10.04520
11.03722
3.92575
0.74944
2.99234
22.71685
1.21375
2.95316
1.89703
3.61452
10.66439
2.89664
3.15116
8.21626
2.27190
1.18823
35.15897
0.83384
4.97786
4.79013
0.00298
0.00440
7.42179
6.49756
1.92227
2.70405
5.73630
5.70596
1.14871
9.05226
6.17080
8.82193
0.49661
0.42636
7.21972
4.96548
1.20305
1.20111
0.42268
2.46185
15.19943
14.73900
2.47028
1.56818
5.89102
1.67062
7.49991
7.65927
2.74489
1.65751
1.07816
0.05690
1.06488
20.44255
1.39893
8.56639
0.73355
2.53868
4.59410
0.97327
8.81163
0.85828
22.08806
1.48643
1.33025
0.53591
1.23853
5.03542
5.95376
7.91812
5.95763
6.99063
5.53606
5.01783
0.29048
4.55921
1.28743
1.91933
6.01711
0.62463
7.18943
3.73404
4.03619
4.43353
1.99990
6.06994
0.77185
0.88182
3.32110
9.83863
8.39034
4.06907
6.71611
1.89904
0.72705
3.75969
1.86068
4.43511
3.64992
2.81804
1.49771
2.31197
2.49628
2.96077
3.23033
2.45374
1.63761
0.40748
2.30813
1.46463
5.57042
5.63872
3.60708
6.52096
6.37856
14.47969
3.08739
14.08067
1.93980
3.08495
3.64020
5.41402
2.56943
4.65245
21.52632
0.81491
5.54480
2.10658
3.90127
3.69918
8.83744
0.07532
1.60247
5.14980
3.94980
12.49590
1.55041
17.54726
1.41668
9.28871
5.92124
3.04175
8.49412
0.11166
0.87623
6.13706
6.15203
2.86917
4.36641
6.96579
23.85791
5.94836
1.63913
7.00933
0.93875
0.02131
3.42283
0.41646
0.89014
11.68077
7.63911
6.86549
2.86728
0.03181
4.39482
3.65402
0.34595
3.92656
2.46928
1.21562
2.43692
4.92903
5.38015
6.17766
3.86811
1.64453
8.46225
2.32536
5.79343
1.85654
0.04696
0.54794
3.67986
7.47788
1.24670
0.28433
0.36627
0.87340
6.43249
1.76215
0.25964
3.24856
3.05472
3.66973
2.95737
0.81443
1.68396
8.96927
5.94768
4.31110
5.71540
2.01116
0.29597
21.66923
3.90872
0.00829
9.69640
0.14897
2.37046
3.36331
4.29215
6.71538
5.68675
3.84223
0.18118
0.65343
18.12589
1.04297
2.16407
4.76122
4.67751
0.67299
4.02444
15.39867
2.20747
9.10393
18.29706
1.49887
1.44860
2.76115
8.38452
11.40971
1.40245
7.14846
5.93486
3.00604
1.53005
5.47564
0.61972
1.17584
0.60336
3.95904
0.03049
0.96777
4.57345
2.82736
0.43055
5.81439
2.35250
9.04575
0.65988
18.12412
0.15042
0.41883
3.40851
7.33616
13.59281
1.43945
2.22876
7.32916
3.46529
6.91653
5.57224
5.72327
7.06874
0.18523
1.31054
1.25301
4.13456
5.28671
4.79352
2.32182
1.27318
1.33085
5.29232
0.90717
6.81493
0.87032
0.24405
5.42345
0.66734
14.89508
3.30999
4.85170
12.26849
0.09054
4.50142
6.39836
3.43167
0.27595
2.91369
3.66126
7.39082
0.33795
2.92407
18.90064
3.15313
1.99535
2.95232
6.79873
1.14921
0.93996
2.33022
14.04422
16.74083
1.47157
0.36466
0.66108
3.73630
0.87226
3.64602
0.55569
9.21240
2.29878
2.75729
1.98174
6.25090
4.29927
10.27410
7.09917
9.05770
6.01638
2.46378
13.68546
4.65198
2.24774
3.87726
3.03551
2.56825
1.37508
0.43371
2.73726
3.19689
1.71081
0.55449
1.21919
8.09791
3.74794
5.52547
9.96239
1.39692
6.21642
1.53034
2.41298
0.42238
3.07873
1.32548
7.93233
3.37991
0.01617
1.54704
5.46348
2.76859
1.03404
16.54887
0.71958
7.94464
14.59799
0.93861
4.65704
0.32965
2.13466
1.72986
3.56326
8.73880
8.98904
6.48123
1.99817
8.09957
4.99515
0.23200
0.21151
0.83213
7.28498
0.31859
3.66259
13.23594
1.24561
1.14432
0.46602
6.01472
6.12873
3.41233
1.51756
6.21654
2.37702
1.11975
1.32379
2.86436
3.16966
9.87315
18.91339
2.93961
0.17422
3.70929
0.16075
6.99535
4.47740
8.65495
1.99925
1.32034
3.84505
2.81602
2.58406
21.84052
17.04257
9.50332
10.10640
1.86696
0.80314
30.15850
5.10164
3.15626
13.43497
5.86839
8.44800
3.89935
4.25259
0.86710
14.52491
8.61118
0.84454
0.20971
2.10503
0.58278
0.50761
3.65708
0.11330
4.12179
9.72022
3.63774
5.61234
6.68133
5.99427
0.11532
1.06587
5.55835
2.12226
0.34295
0.75825
12.69898
1.25294
2.39110
4.40964
0.91549
0.13346
5.87412
7.18465
6.25349
0.40239
4.45567
12.98499
13.27476
2.81451
3.52579
8.89686
12.58113
4.60197
6.43381
3.66294
3.37474
0.88022
18.67264
4.27081
1.59587
3.79032
5.99589
5.49880
0.51256
3.97852
4.71751
5.51258
3.41723
4.23829
4.44445
2.91083
0.81976
3.48854
6.57199
0.16084
0.26498
3.69139
1.93304
0.17844
1.40613
0.56685
2.41418
4.01291
4.54618
4.72230
13.68622
7.39271
3.59898
3.33429
5.25094
5.97004
2.61734
3.33593
3.26754
6.19714
3.81998
1.61929
4.65116
1.64324
6.07634
3.78032
13.92363
1.34203
2.66786
4.55001
7.63934
12.64444
5.72052
8.60680
3.74767
1.30858
0.77558
11.48904
1.44790
5.27079
0.02414
13.73936
1.61035
9.78668
1.63509
15.22786
3.53440
0.65595
2.69334
6.06122
2.86786
0.56998
7.26591
0.52606
2.91040
2.11237
1.76245
7.08627
2.06630
2.00805
0.28606
4.25700
3.32072
1.13125
0.60787
18.31564
9.99796
3.38480
2.28954
8.17153
0.88490
0.86927
0.29728
0.80819
3.15651
2.39509
10.75811
2.75940
2.65725
5.26764
1.84321
0.31013
8.42125
11.39712
12.59699
11.57420
7.34939
0.93645
4.24833
0.15954
8.12956
3.69297
9.88882
1.62310
10.18168
4.41987
2.46470
8.35378
3.72926
14.05636
2.72396
4.33587
6.91440
10.63410
2.06309
1.05082
6.79585
6.34557
10.56652
0.37830
6.19133
10.56230
2.22659
0.47075
0.87790
2.69609
0.50700
5.61493
4.13467
8.38449
10.52654
7.33449
5.04210
11.34208
10.53562
3.33224
0.59995
2.36993
2.41135
5.81700
0.64906
0.39966
0.77335
3.24700
6.16509
1.35917
2.47941
18.62374
4.95462
5.71594
11.96751
2.25022
9.80254
7.90615
2.80072
0.38177
3.45206
3.30701
2.99587
3.46231
6.74998
13.50365
1.78424
0.79027
0.58277
0.41866
17.96353
2.62274
1.36174
16.50588
8.96302
1.10373
0.69333
1.09269
2.07091
4.28633
2.90149
4.40552
2.83590
2.29593
2.40890
4.58311
2.80597
0.80547
5.54629
26.90916
5.98774
2.57701
9.46160
8.56088
7.88442
2.34402
0.04827
3.26750
5.09519
5.19929
5.17675
8.02312
2.36897
2.21328
2.46739
2.03463
5.91413
0.78267
1.72321
5.49591
9.63326
1.88948
0.77826
4.60965
0.02802
12.68076
2.40597
3.63385
2.11145
1.53353
1.71950
8.96825
0.66418
5.03408
0.24962
3.06287
2.36457
0.84726
7.04998
5.48267
0.05799
7.92082
4.11530
1.70298
2.68551
1.93281
3.61381
6.34977
9.22719
1.31915
3.12751
2.33691
0.25669
0.38360
1.13105
4.17566
8.90481
2.74569
9.14882
1.73393
0.99955
2.21214
13.59885
4.45091
2.30257
3.10933
4.94203
14.45254
2.60258
0.25900
2.94259
4.53080
6.89781
9.98181
0.70219
0.55231
5.47272
8.96013
4.35283
5.37341
20.09593
0.09549
12.72156
1.08257
17.16703
3.70195
1.63416
6.36116
4.46359
9.07254
8.99971
5.39240
6.55497
5.15047
2.15029
3.82726
5.45541
1.95359
10.16997
2.92030
12.50319
1.61943
15.15714
0.62350
2.68933
9.05090
16.42180
2.02429
3.73466
3.83888
8.52169
13.28846
5.43677
1.39347
14.18758
4.54066
0.67357
1.41828
10.88971
1.09189
0.88941
9.03935
4.61161
4.88077
9.12178
5.56835
2.48425
10.25073
5.50329
0.61427
0.00020
5.63607
4.95444
3.03069
4.27064
0.16401
2.16464
9.65795
2.31683
5.41505
4.29518
0.30916
6.82204
1.63900
2.92257
0.97047
0.48146
11.37703
24.41087
4.50897
0.16780
5.87096
3.33946
4.21218
11.30357
2.85025
5.83329
1.13550
3.28620
1.59031
14.69864
1.40056
15.31600
3.24041
0.67960
16.27720
9.73000
1.22573
0.03516
7.62720
0.25854
16.10124
5.12738
4.25954
0.73724
0.69081
8.70419
3.48431
5.33394
3.51658
3.73753
0.63007
11.66813
5.52674
1.62578
2.44457
2.48374
8.89215
1.39197
0.65878
6.51540
5.22169
1.12333
9.44230
0.11407
0.55780
1.04114
2.23900
7.56288
6.35064
5.48852
4.34906
2.16294
0.85486
1.72720
0.92629
1.26606
5.56383
2.59400
10.88022
4.32992
2.09160
2.87451
6.01385
8.98736
7.85066
9.45462
1.65796
1.53712
0.93141
3.81283
0.38000
33.36601
6.93489
0.65180
0.89922
2.76786
7.41849
1.20124
2.84517
0.16818
13.24807
0.56049
1.54819
3.28937
7.86988
1.48883
1.20346
1.65966
2.39524
1.16675
13.19222
7.22096
4.79290
4.28837
2.20288
11.92157
1.10261
0.60579
7.83047
5.98933
0.09210
6.89102
0.60818
11.26725
5.31568
2.12240
2.40968
1.21067
2.01204
0.08973
12.28849
7.69653
2.49985
6.54636
8.90561
10.51035
0.69407
2.10359
14.24256
2.24859
2.16979
0.42047
4.24189
7.48934
9.29596
3.39914
8.50001
5.14638
2.85797
2.17175
2.14743
1.65326
12.57386
4.91954
6.82423
0.85715
7.48988
1.45146
4.73449
9.64144
1.88882
4.68814
0.67293
2.33932
0.71527
1.51813
0.67355
1.13336
6.94198
0.36796
3.07088
16.51721
1.33728
1.10023
5.75921
0.42412
9.62885
0.82769
0.64017
8.28065
14.42925
0.23294
0.31077
8.85162
0.76098
8.07647
1.29054
2.54759
4.57139
5.32405
0.27612
21.47505
8.36469
2.66859
0.16178
0.57172
18.33892
10.09151
5.55970
8.98996
1.36047
6.31046
4.45443
1.25861
1.29231
0.00787
2.96935
2.63618
13.51572
0.11359
3.60258
2.36204
9.81311
7.89629
4.70123
2.01587
4.89090
5.30475
5.16960
1.49958
0.13172
21.73005
1.16439
5.14066
4.10859
2.36551
0.64309
2.98107
0.74085
4.40703
3.91099
3.30438
10.88416
0.42558
2.25173
0.53130
1.77774
9.21530
12.20936
8.79918
17.58285
8.39073
7.99428
9.15653
2.97756
5.13744
5.91964
8.45756
3.15753
1.07609
2.56710
13.34309
3.14813
2.37765
3.64486
1.29228
11.47643
21.28928
0.73667
3.06689
5.84197
1.63569
2.63205
6.73405
0.15877
1.81154
1.06997
8.38830
1.60701
6.32500
2.62654
7.68728
6.40594
4.30261
5.01113
8.01221
0.00138
4.94155
2.12654
3.19194
3.38841
3.77107
1.91766
9.75699
0.74251
2.54699
2.44624
9.36820
0.28886
3.05212
7.25218
1.73005
16.34041
83.66986
35.02211
6.76655
2.15224
7.96253
1.10947
4.59064
3.91344
1.44971
1.12583
4.28568
3.60525
6.88570
4.68272
22.84669
8.00860
4.04591
0.79305
0.56590
3.70942
1.41381
4.23880
2.03507
5.67705
0.35945
9.31007
10.44794
2.01788
0.78561
6.81435
5.42194
2.57738
4.39771
4.05349
3.40724
4.76609
12.94000
4.75863
1.48115
0.20236
4.84733
2.10408
0.12232
0.94005
4.71732
2.75690
4.20172
6.55357
2.34181
2.27572
2.36024
0.45294
4.37473
2.70785
0.58720
1.96716
5.77853
4.15038
10.27358
3.79494
18.35284
0.31066
3.22506
0.58341
24.25460
3.98715
5.99832
0.68046
3.22163
0.30590
2.94490
12.50378
2.89473
9.77767
29.34930
3.98479
0.66357
9.36459
1.05520
5.45837
5.33953
18.09549
3.05891
0.86788
0.74938
1.66572
18.05284
4.55597
9.55975
0.32475
12.99306
14.91844
3.14305
1.65804
3.08325
2.81783
10.05477
1.10717
2.42876
7.11887
8.41608
5.58498
6.39322
5.75003
1.88429
0.92252
5.82443
12.68747
0.90620
0.01913
0.96978
0.98100
1.10356
5.51722
5.61123
3.64369
1.95341
3.14586
1.93438
0.49161
10.21796
2.94503
0.79952
5.27843
14.23496
10.70022
5.40770
1.14024
0.93374
0.08103
0.90410
0.57752
2.24076
4.11780
16.59890
1.40846
0.12075
0.15250
10.86532
10.87323
12.22210
3.96375
0.94719
3.33786
8.42131
13.79215
4.37411
3.98040
3.19096
6.99866
2.01967
0.94648
3.59708
2.39362
8.80610
17.06197
0.02395
1.79331
3.03087
11.05701
9.27453
1.44078
6.61962
9.14906
2.74923
6.16322
2.60332
3.73591
3.72810
0.47999
2.58496
7.61929
1.53799
1.83983
1.02264
7.06579
4.84678
5.18306
1.98238
0.83755
1.01888
3.03668
3.80906
0.88624
13.00291
2.63018
0.15842
0.91532
4.16275
21.14433
0.75562
2.02910
1.84893
2.18731
0.88887
1.94415
2.38681
5.12740
4.61042
0.19206
2.04062
0.40721
3.92663
3.37774
1.69748
1.45657
2.89303
5.37371
1.96950
0.00833
18.00360
0.53164
1.91639
15.56307
2.14830
0.90405
21.16430
0.61899
0.21394
16.21531
7.69213
1.24481
0.53493
1.46892
2.87692
1.39203
1.66056
3.98397
10.69817
9.54088
5.55041
4.07782
7.09064
11.61375
9.59956
7.12928
1.33254
31.85653
1.51420
2.35034
1.77983
6.84271
24.03933
7.26887
2.79841
5.13144
3.11625
0.54053
1.00373
9.95205
3.49943
13.36644
11.41568
1.72067
4.95967
18.52500
3.92685
8.87950
0.28185
1.05127
18.50353
7.24530
10.19640
0.16437
3.65359
2.35352
17.47759
1.07307
1.29755
4.54344
11.34113
3.98675
0.44291
7.50256
7.37213
6.16183
0.26666
10.75210
0.37166
26.16372
1.57299
3.46347
5.81284
6.90027
14.47016
5.85120
12.13922
0.93905
8.44597
1.66219
3.28772
12.08733
6.07320
2.54836
0.92223
11.63919
1.17902
3.97441
2.33227
1.52687
8.21760
1.34485
5.37808
2.04440
3.69209
3.01546
4.66808
5.49963
0.11003
8.55196
2.36858
3.90221
17.48302
6.85770
7.88210
7.10855
3.01862
2.61070
1.40006
6.05800
1.20284
5.41139
2.61322
1.61754
2.10149
1.79384
5.83019
15.42736
7.52949
11.62947
0.10947
18.29469
0.27625
2.63781
0.89295
7.94911
0.05823
4.60660
12.72124
0.58226
3.93746
0.37922
4.06548
2.41752
3.28340
2.47913
2.62693
4.09479
14.15771
6.00372
4.45355
0.05603
1.66174
2.45008
6.84806
4.16999
4.04065
1.56388
0.62307
0.88142
2.18714
8.25938
1.54442
1.06393
2.67601
5.22281
3.77155
0.37823
3.17388
2.38176
0.52046
3.39873
0.71251
1.21830
2.88385
2.17802
25.42062
11.13503
2.15345
2.89151
8.08809
20.13386
1.79208
4.29764
4.01393
0.77301
3.53162
3.46409
6.54003
0.43105
1.22351
0.94931
2.43245
2.34699
1.53510
0.89973
9.70720
1.40802
11.19173
7.83085
16.64855
1.44338
1.67094
3.99047
6.34518
3.62103
3.33238
2.16831
9.77644
2.65693
0.10307
12.36612
16.03412
4.20397
30.78610
2.55849
4.42954
8.20864
2.62315
0.22189
3.94207
0.69688
4.27479
17.40446
5.71808
1.16098
4.14898
8.87992
1.73272
1.82686
19.08003
20.97259
4.38181
2.02384
3.68626
0.42994
8.24453
5.72312
4.51643
1.14174
1.11823
0.89525
1.64799
1.09990
7.87651
10.27186
7.78424
0.47565
0.87181
1.41862
7.16567
3.63942
2.48620
10.12444
2.02254
4.54040
7.57541
21.61087
15.43416
8.65234
7.50378
5.79868
9.22417
4.94429
7.31359
2.52633
4.40049
2.72408
8.08733
3.24813
5.86839
8.39990
4.00276
1.74632
4.42137
3.21531
11.44534
2.80394
1.50498
3.11841
0.00020
5.36567
0.48168
4.13118
5.68223
5.50743
6.83764
5.28445
20.08371
1.64038
7.63398
0.02598
0.45407
0.30511
13.07072
1.20819
7.60156
1.46288
1.68850
6.70015
1.75387
3.20458
12.03825
12.82373
11.11823
1.44278
6.97982
5.75863
3.15656
3.21153
1.17072
3.53005
11.40269
9.01106
15.93520
18.07844
12.53182
0.80498
1.52509
2.52495
7.38001
7.36183
7.47421
3.03006
2.71221
5.05742
5.20780
6.77402
8.84487
1.58820
7.57567
0.99474
0.63915
7.74894
24.05067
0.40201
2.76634
9.19790
5.01936
14.48491
2.81369
14.59042
8.01129
2.36748
1.41707
8.82183
0.21247
1.29775
0.49358
9.88188
0.22233
15.46687
8.69295
10.16331
3.58693
6.93355
31.88377
2.70177
1.18876
2.58512
0.57652
2.24753
0.50948
1.14032
2.44769
8.67442
11.47341
16.88301
8.49313
2.69646
8.50340
6.45425
3.06728
2.68158
4.49110
4.62363
5.50586
21.88228
6.71803
0.02105
4.91030
0.69733
11.32142
5.66342
1.98994
1.35139
3.00247
5.70880
1.49762
0.78908
6.08444
4.56622
5.87153
0.38285
10.58657
1.13428
1.22145
6.59502
7.70009
15.87606
6.28441
6.74455
1.08599
1.21321
0.10335
9.13672
7.15284
1.23350
2.72534
1.57836
5.64821
9.03473
0.25906
4.87508
5.02140
3.05998
0.57998
6.45919
0.08836
2.66226
3.86284
0.53936
5.11318
2.86149
0.14097
1.38851
2.00164
4.99622
2.35617
3.93334
7.32346
0.41116
7.19259
0.24734
1.02035
3.17751
9.11564
2.06587
2.29710
9.61384
7.72557
1.63255
8.44504
6.07571
11.40862
10.21559
2.66208
1.00435
4.04216
3.78502
2.16137
6.46022
17.87596
1.34153
0.75905
1.35738
8.08635
8.63830
2.56260
10.12055
4.61117
0.19713
7.03516
3.34434
19.22217
2.19448
6.54452
0.90188
10.55480
1.85769
5.65956
0.81478
1.69734
11.86004
0.11209
4.47894
14.46554
8.84015
4.19791
1.18711
0.15425
4.36277
5.13118
0.84244
0.35353
1.83742
4.27018
2.29915
1.17882
0.17799
7.07245
0.33726
1.61032
7.36131
2.34368
1.80392
2.18814
17.09473
4.86804
5.98375
2.12776
0.83873
3.62845
4.16734
5.96051
5.83961
8.24263
3.07021
6.66152
0.88248
1.98630
0.06270
2.90479
8.18645
13.52257
4.14471
4.18578
4.28601
22.02609
6.51810
0.58927
3.57518
2.93931
3.21964
3.93714
4.39957
0.80374
6.46624
3.72701
2.11704
4.43115
0.16756
11.98185
7.08525
3.54605
2.63090
3.11074
0.88687
5.90918
0.17642
5.90059
0.94207
1.44325
14.69021
6.80176
8.57655
1.70337
2.02212
5.32904
9.01009
2.76096
2.91151
2.82316
0.30430
2.41567
5.16814
3.64917
1.17156
6.69379
5.83741
3.60074
2.28658
3.48877
0.66037
2.68576
8.38950
0.14780
3.88869
0.61620
6.60042
4.99879
3.98901
3.57473
6.13483
3.58814
6.38179
18.57558
6.10896
14.63790
2.40795
4.97349
1.01889
3.35441
1.81304
5.80519
6.02378
9.46687
3.36927
8.05997
0.98761
2.98761
1.33294
0.11877
3.75059
10.27081
2.06951
3.06908
5.61367
1.03903
4.54083
2.20931
8.59998
2.75044
0.26634
9.32208
0.74649
12.88585
9.69183
8.57777
0.11251
18.42599
1.61195
6.65807
0.52222
8.83181
7.62031
0.06220
7.98217
4.64870
0.08689
3.96142
4.92852
0.14742
1.86974
4.30239
1.93287
5.27234
8.41779
6.65203
6.67906
5.80085
0.69489
7.01676
1.90029
0.01612
0.54962
4.21286
10.76269
1.18998
4.78721
1.37853
10.52732
0.46428
2.36574
4.50294
8.14299
2.46949
5.21881
7.99314
0.32572
19.79978
4.48114
16.29632
2.01197
9.96677
1.44306
3.20020
0.86495
10.23008
6.27219
0.20281
0.37352
7.80700
1.02822
0.21092
1.35811
5.73865
1.07065
5.26938
2.11100
1.59701
1.90639
0.11495
19.59547
1.29604
5.42618
1.25009
13.21850
0.31868
7.71444
1.70183
5.26685
2.42752
0.99933
6.74806
1.48655
3.81280
0.12296
1.65763
3.30556
13.65506
17.15841
4.42239
10.83525
2.12081
10.17353
0.03289
1.06500
1.86959
1.27943
3.56751
8.51726
1.24498
3.92317
1.06532
1.01093
5.17348
11.20487
3.41529
1.63888
0.74871
2.16754
1.01532
5.90825
0.42969
0.22059
2.23549
1.39872
1.76068
4.22774
2.42373
2.16235
10.07501
1.70738
12.55072
1.93379
6.87399
5.43021
7.89532
13.58500
3.62920
7.92408
8.27966
1.83742
4.31366
1.94973
0.52758
0.30503
5.86107
1.08459
2.84017
3.62707
1.94905
3.91782
20.64847
4.73845
0.03492
19.89326
3.74352
5.15320
4.93583
1.06168
1.67869
0.94179
2.93099
13.21049
0.77819
2.53240
10.29607
1.09026
7.05502
8.08042
10.15494
8.69373
1.98876
4.23066
4.62094
0.44000
8.19285
0.57787
2.70000
6.81512
1.95482
5.38957
3.50397
3.53427
11.43874
0.96663
3.01691
1.55993
2.62889
3.03145
15.43505
15.96055
3.29131
0.95698
5.77659
3.62620
11.85231
4.53939
2.55757
6.79615
19.67272
2.12240
2.39272
16.47365
8.83237
0.52430
0.71213
0.55135
7.69708
7.90521
7.57324
2.39099
2.16202
0.75317
1.39432
0.50942
0.12322
0.64487
6.08455
6.24624
0.46500
4.33246
13.37373
4.42938
4.45354
26.83713
4.29519
0.33408
1.59090
2.35699
1.48363
1.36207
8.31512
20.33772
1.60554
0.72001
0.22845
5.13153
4.32307
5.33051
3.83154
2.16237
12.60431
10.57392
0.40354
0.94121
9.55054
3.30269
15.68319
0.50467
4.55247
0.65664
2.84259
0.64172
2.52611
0.71988
5.41140
2.73737
5.59822
1.49093
3.20665
4.21901
7.58110
1.03561
1.32600
0.83842
5.02070
4.58911
3.32355
0.51107
0.15755
2.10261
7.68479
12.44599
2.66499
13.38963
1.54566
1.40822
2.61348
8.04800
0.76541
4.41857
4.49198
8.35245
5.70439
3.63291
8.66559
5.37739
4.00746
2.41813
7.02752
1.08115
0.68355
4.10061
4.24671
6.04941
4.67686
1.53251
7.35061
0.62483
2.41683
0.26266
0.65753
0.24202
0.90042
7.89880
2.12054
1.64330
9.22153
1.26279
0.69651
3.54778
1.52263
1.77793
1.67408
0.58425
3.57378
0.79301
19.60438
8.64082
11.84624
5.81718
1.84458
1.28179
5.45793
0.88989
1.10765
6.00324
0.58679
0.42969
0.19106
0.68002
1.02756
1.33365
9.39306
9.74894
1.71804
2.29928
3.25697
1.12251
5.47171
5.85036
0.22258
7.21166
1.29193
0.06615
10.72195
1.34331
6.26922
1.01801
0.32569
10.46554
5.10956
0.27913
4.22189
13.81732
13.53736
10.83528
2.22902
1.94246
3.88355
0.96537
16.80821
0.88794
6.36371
21.26880
0.87762
5.16408
5.40308
13.93249
0.37704
7.51916
1.06137
2.92435
3.43054
0.70507
3.44368
2.08389
2.40830
2.28100
4.95386
6.46126
13.70926
7.41821
0.00651
10.05101
3.52133
2.72746
2.49638
5.32446
3.86060
4.88989
2.39345
3.20460
13.99415
7.34369
7.26230
1.53090
7.51634
0.46013
5.42736
4.17503
11.96080
1.80295
0.30676
0.76363
3.20899
6.35843
0.04805
6.97614
4.88016
0.33355
4.72518
5.87386
3.40100
27.68191
7.29843
4.35930
7.40514
0.12541
1.83179
3.14009
16.32804
2.67373
0.84073
1.19895
2.28486
9.01220
4.50542
1.02513
4.33238
8.50394
0.27533
3.14779
7.37822
2.50805
2.84690
1.97140
1.76040
12.08599
1.79546
3.57468
4.77785
0.81687
1.44365
14.24575
20.66497
3.49761
11.56734
3.36939
0.01170
1.61288
44.94668
11.69692
0.12655
0.24168
0.30068
11.62683
0.83873
3.82871
14.00167
1.82742
1.72308
2.28263
0.48115
16.15217
2.94691
5.38690
2.96029
4.38153
14.82554
3.63825
3.51168
2.32536
5.81930
3.86627
2.72061
0.22695
8.14255
0.52920
15.96126
4.34078
5.77577
5.13197
0.57534
8.46984
0.31166
5.02877
3.70875
0.91918
2.34532
6.80969
5.29189
5.54370
0.61216
6.73013
4.57308
13.40675
1.20413
0.31544
4.32710
2.25401
17.21940
0.96676
8.40903
1.53702
11.71405
4.15186
0.24743
3.27686
24.00061
6.01116
0.62835
8.39342
3.35075
0.01018
1.10519
0.36603
2.69962
0.00003
0.55640
17.96371
2.76880
4.53387
12.38152
1.89030
0.16445
8.13878
4.73938
1.29131
2.58719
1.55102
3.17154
1.13023
2.38825
5.18949
21.38370
4.41904
1.37874
2.80313
5.87648
1.20156
1.57154
15.33862
0.10959
2.18193
3.26550
0.71679
5.81329
1.24640
1.62239
0.73567
4.19067
5.73633
6.32639
6.36031
7.67558
1.50214
2.54630
29.30795
0.84354
1.09483
0.62982
0.84870
8.97709
0.31598
1.62012
4.82638
4.40115
2.16835
15.36643
2.22074
3.39405
0.79172
1.57055
3.67911
4.31263
9.93857
1.81358
15.35136
0.06042
9.83312
1.27229
11.88958
1.48031
15.00605
1.37540
11.60545
0.61506
2.29082
3.61461
0.08443
2.66114
1.98376
1.64898
4.37359
8.75094
13.30236
13.73749
10.29354
0.58038
12.41419
3.62617
9.63902
0.71592
0.73225
5.06765
0.77655
6.10762
4.94037
10.21205
10.07049
1.51349
4.72007
0.12334
3.75253
15.95248
2.28772
13.53141
3.99195
16.38984
1.75567
6.54057
4.30882
3.04414
1.03595
0.94047
7.37713
4.07163
3.97570
2.03523
0.13126
3.27215
7.21008
17.88925
3.31819
8.91252
7.67127
0.73859
0.14836
2.27830
9.76374
2.25203
6.54946
5.21167
2.02064
2.12370
1.37080
0.72715
8.35667
2.12591
0.53614
11.96045
1.08241
3.69756
1.32072
3.62147
1.14136
1.01181
0.34179
3.48032
19.86118
3.49021
3.74774
2.18003
2.26773
1.97890
1.61929
4.74570
3.00535
26.28934
3.42802
10.22138
13.50596
8.67534
2.95087
0.19791
1.57593
6.14564
0.81396
15.93443
10.06236
4.72689
13.78386
8.47609
12.54204
14.89830
0.17818
2.40725
0.94496
1.59331
1.67374
1.70095
3.92320
1.31548
0.00987
0.75344
0.16086
0.57727
4.77016
1.09633
0.81894
0.86203
4.71742
3.98496
2.40841
4.51808
3.01551
5.85582
6.54578
1.82565
0.76725
11.42098
0.56760
4.97895
17.27960
4.58661
0.70751
4.95498
0.68504
13.09792
11.15903
0.15150
4.66885
5.77048
0.19802
4.59116
1.32548
8.22366
0.91523
1.77699
0.35380
0.87296
3.31587
8.37940
5.74832
3.39346
0.76192
3.76575
11.89657
2.85211
1.31025
3.18111
1.43011
8.32334
1.23687
1.70894
5.29150
1.17024
1.27897
1.90773
0.47899
2.29764
0.03969
10.40134
9.89511
1.10542
5.87579
3.41940
1.48975
3.66384
14.70350
0.56949
1.65146
4.18346
1.11004
0.60348
11.60768
9.49088
4.71471
0.03458
8.79617
1.27271
0.09911
9.60795
11.05103
5.14156
5.13687
0.01933
10.04597
1.34424
0.49469
1.42974
9.87631
2.98290
3.65558
4.51811
3.32509
7.01397
0.02752
1.50888
0.90972
10.19530
4.03235
8.73734
18.53665
3.53113
5.85859
4.82881
5.84939
0.13334
1.58142
1.00175
2.73136
25.53439
1.33492
0.74045
2.73661
1.06602
0.53926
2.08572
2.81721
5.70154
3.09422
1.86069
5.00594
2.46857
7.09135
3.21505
2.74610
5.15399
4.17582
0.36156
2.83542
3.13264
4.61984
4.78430
3.22329
17.91859
1.31593
0.82222
3.61609
2.81998
19.27297
23.50949
2.77150
8.49192
5.54047
3.83464
1.09675
1.80795
7.62294
13.93308
1.08296
0.15381
0.78615
1.79897
6.56347
2.02293
3.34609
22.17532
7.23590
2.94282
0.14263
5.38796
5.34836
0.91516
0.58116
1.42812
7.53033
3.74906
2.93505
3.75203
0.83701
5.27471
4.50685
0.77382
9.00737
12.18471
4.60943
6.14467
1.11299
0.32842
3.34574
2.38972
6.02278
9.29198
2.63029
1.45197
11.54257
1.34622
0.96097
7.26568
12.87786
8.41270
4.09250
3.97975
3.33046
0.21039
3.80245
7.62657
4.50083
12.35625
0.86148
0.19032
6.33883
3.57394
2.61261
0.30166
0.05536
0.35472
0.30232
0.58274
18.88652
2.41982
1.37741
0.09653
2.24395
2.71230
8.59420
14.10555
1.88879
3.92522
2.03070
11.34428
5.18743
3.77996
2.30717
1.28006
0.83148
12.23755
0.23861
1.25264
4.68062
1.28291
4.19376
1.01194
2.69563
1.01421
5.01517
7.57637
5.95791
0.19729
1.40985
3.87557
8.90135
3.10713
5.19031
16.72794
6.53764
11.95765
2.03905
4.22537
16.77232
16.58531
4.48237
5.11864
0.13585
3.43433
4.03496
6.91252
1.71386
2.44898
3.44077
2.91891
1.79905
13.14765
0.03682
1.91543
6.99824
20.48147
2.79865
0.49396
0.02830
10.12922
3.01430
3.20770
2.89127
2.11572
5.58889
0.10053
4.01471
1.87703
2.61648
7.62781
3.42251
3.87651
1.74757
4.05240
9.95831
2.34227
2.03216
0.82550
10.06097
22.10914
0.58351
1.60139
0.07299
4.33737
10.21607
4.83538
0.49028
8.14833
12.01865
19.28376
7.09102
1.16597
9.46427
0.94486
26.97206
5.46075
2.12713
7.40279
1.31376
4.05621
3.98558
1.88469
0.46793
4.05664
1.10791
2.54528
13.27773
0.71432
3.41341
0.52405
2.25242
4.28164
7.04110
2.33531
5.70587
0.58223
2.92671
12.94372
4.02376
12.88923
6.38146
5.49041
6.01305
0.12678
7.67835
1.49711
9.78006
0.70962
7.80549
0.64039
3.09446
6.93892
3.51327
0.03718
3.58441
4.68654
0.08560
1.64602
2.84525
1.03367
13.81258
13.13846
7.54632
2.83072
3.40928
0.37714
0.41887
4.91731
14.50440
0.19588
6.15203
2.81555
3.55755
2.57066
0.41164
1.56194
2.28787
1.42005
2.32734
10.21046
0.95583
3.29184
0.50450
0.38545
15.50927
1.50857
2.46391
1.08096
4.72081
22.08659
1.09871
4.27723
3.02666
0.93135
2.28682
0.00678
7.18419
2.11228
0.51319
3.12546
5.88878
16.47679
1.24502
5.20142
0.97330
11.73033
8.33535
9.43095
1.41280
0.05160
4.19464
3.06336
1.53767
3.59285
2.95724
11.48253
0.27184
2.32168
12.25298
3.74729
4.98062
0.17158
18.60448
0.33506
2.18057
3.89953
9.41568
2.98368
16.23571
3.04560
9.76931
0.09365
10.11659
9.38946
0.03316
0.55287
2.18033
0.04081
4.92903
5.35667
6.81432
5.10229
1.48538
4.56459
3.32063
0.21430
0.77101
7.00368
3.38394
11.66698
1.75151
10.30955
17.20949
0.58829
4.24006
0.74331
6.34512
2.99277
7.46151
10.29965
6.57606
6.12560
2.64520
8.62228
8.39080
9.25229
3.71577
2.56494
4.42279
2.91434
6.66443
6.72633
1.58337
16.02071
6.76119
5.80208
2.77129
2.66799
9.30655
0.18519
0.60213
11.04573
5.76895
2.65555
1.69607
10.05710
1.43284
6.05445
5.41755
2.73600
0.09600
4.74880
3.29083
1.96471
0.66787
3.62282
2.59426
2.77029
3.29109
7.81999
2.02800
9.65524
0.25698
0.00995
2.55649
4.07033
4.69932
8.62998
2.79671
2.24023
2.78290
7.98731
0.52310
3.31106
3.23151
3.21626
4.20812
0.06651
0.42460
1.98071
2.39382
1.38118
5.05439
14.35595
1.07684
2.84256
0.30754
4.72204
4.48180
10.08528
10.84422
8.01341
8.44399
0.26852
7.93465
0.44986
0.77124
2.60918
1.21399
0.40326
1.85989
7.44663
4.69202
1.31663
17.62047
4.04239
10.85664
4.13599
7.15087
5.04237
1.24906
1.27018
2.69579
3.46015
0.54769
6.81758
2.89582
13.02448
7.60682
0.63306
7.45352
8.79759
0.24102
15.86256
8.46517
0.97390
4.12265
0.64872
0.39400
3.87650
1.55779
0.79008
4.32542
19.15704
5.11040
0.41379
12.37384
0.78005
7.18109
10.17467
3.56423
2.67160
15.63574
0.73092
7.56164
8.01805
15.39733
0.81662
4.04064
1.52449
12.08088
7.33291
2.65393
0.48984
3.03389
2.77301
6.61047
5.22219
7.84183
5.46543
4.85435
1.75179
3.99329
21.03414
5.76595
1.35151
6.91811
0.04500
4.54896
2.31029
8.71214
1.02536
1.17266
5.46568
11.55569
4.76715
1.82504
6.35982
1.97779
7.40833
3.13015
0.69536
0.75869
1.16859
8.57749
9.64546
1.62183
7.75719
10.24845
5.75517
7.77247
6.83481
1.33440
7.53709
4.21071
7.38672
12.64930
20.26362
19.18832
12.16506
8.42895
5.96853
9.98463
2.71388
12.07843
0.16409
4.96972
3.42327
8.87812
1.55796
4.17132
3.50233
7.57272
0.00790
3.73199
1.70140
4.96756
8.28864
0.32694
8.25495
2.65365
3.91111
5.49649
3.48174
2.21771
14.84863
3.56175
1.95304
4.92525
12.92947
14.95390
3.24969
2.82760
3.76774
0.24701
0.68224
6.25162
1.59039
0.72128
7.12997
7.75996
9.37867
3.00899
5.76216
1.18761
2.07987
3.04708
4.23427
8.13773
12.57215
0.89216
4.25317
24.71394
0.45711
2.46365
5.25148
2.09024
2.88325
1.16881
2.62504
8.39207
5.11235
2.86150
0.25645
1.66790
1.28476
2.25977
1.80954
3.59635
1.03747
2.07211
1.42063
9.07978
7.96010
3.83032
3.04589
2.43032
21.18417
0.43622
0.90980
0.58615
1.00497
1.55931
10.95144
4.07983
6.94297
11.50693
1.66859
11.56034
0.89204
1.36869
6.85537
8.35265
8.32273
8.90074
0.62923
2.82519
13.24232
6.73833
7.24828
1.23461
2.05608
4.43587
4.34800
10.11963
1.08320
5.73152
4.40409
2.96643
25.29202
0.99096
5.90969
4.21350
8.08128
2.89017
1.59339
3.12866
2.93125
2.77356
7.89157
2.04244
0.84696
12.35451
5.45968
0.72198
7.53250
0.78930
1.98052
15.27206
3.91288
2.42025
0.72375
12.81789
2.38638
6.54672
0.86237
4.03179
21.30463
10.05647
16.86889
1.06973
0.93440
10.03301
2.44109
1.27570
8.26350
12.50975
0.44414
3.95855
1.50933
1.64870
11.67466
7.95533
1.59946
1.72799
0.23705
1.24149
2.43804
13.45284
7.39731
0.17813
1.29560
3.81683
2.07047
4.56696
5.74078
3.10869
3.22475
4.08486
1.18136
7.42294
4.69142
2.96370
12.10024
4.18625
1.52586
1.74091
7.25950
0.30412
7.88609
3.82886
0.92078
9.12385
7.85167
4.01569
7.93783
1.56215
10.46612
10.74502
1.79091
8.81387
3.00948
4.59612
10.97630
10.71594
10.13386
3.53367
11.94772
1.62801
7.54543
7.36182
7.21033
0.96970
16.56697
2.17447
1.50266
5.99303
7.33108
26.72719
8.94591
4.61080
3.89647
0.71982
3.49251
2.44505
2.54591
1.22130
2.06660
22.79493
21.28934
0.75393
2.92452
8.55062
4.17431
9.86024
14.44988
11.94122
1.59088
1.96729
28.26055
0.02837
0.50453
0.96464
12.78578
0.19222
9.94371
5.53884
6.43508
5.99033
0.14120
23.60945
2.94833
1.80723
0.50180
9.90134
0.47628
0.44230
10.96185
3.14306
1.77525
19.09502
0.48329
3.44248
1.99501
5.58954
6.52829
2.56872
0.97765
14.41105
4.90788
0.38320
17.50672
0.83486
3.74235
7.54062
1.09239
3.82807
13.77647
1.35778
8.74262
0.34389
0.48723
3.47531
4.23860
0.22748
3.65982
2.97314
2.93273
0.97879
0.43766
4.74427
4.51887
3.70139
2.37342
5.51426
2.33429
3.85767
0.32818
6.11863
3.65700
10.73635
11.45556
11.76993
3.53635
2.10548
0.58339
12.37706
0.28857
3.95725
1.70155
25.94232
1.16143
7.13765
21.70924
1.78019
4.61627
9.55005
1.37004
1.19230
7.31043
14.01039
0.45762
14.95649
12.37741
0.84222
2.96679
5.26247
1.43433
2.99551
9.23000
6.45539
3.53932
1.55945
1.36897
3.20219
5.60330
8.92352
48.40119
14.92404
2.72038
4.41417
3.22647
4.43594
5.55091
0.56627
4.98920
5.77356
1.80623
6.91419
6.04567
9.81846
1.90235
6.69333
1.66792
1.61397
5.35112
2.15675
5.00888
0.11469
0.66923
3.34009
5.22687
1.97228
1.75721
2.30053
0.81173
4.27047
7.66531
8.41762
5.00838
2.63608
6.80111
1.48172
3.11212
5.39045
3.54282
0.36105
9.81456
3.23426
1.85518
9.45513
3.87785
2.22108
1.29748
2.62564
24.61111
4.52850
4.89345
10.31690
0.58110
0.32119
6.10411
0.77332
2.59995
8.01339
8.08089
0.98068
1.99631
4.65841
10.71906
0.51092
4.22266
0.28825
3.68676
11.05945
6.77503
6.17559
3.60913
0.44553
8.89481
7.04851
3.05441
14.76812
3.54664
2.38082
0.67737
2.70263
11.67968
2.79441
15.49465
0.23925
1.55994
2.99838
0.68443
0.58826
3.43210
7.34810
0.95954
7.68740
8.25047
3.68263
1.40122
5.13039
1.13590
4.26667
2.10679
0.01960
6.93071
4.74344
3.62620
11.98171
6.28767
9.83186
4.99065
3.21658
0.68737
6.52677
0.08400
0.07287
0.99764
0.53171
3.73698
1.30633
2.06799
0.44915
13.95658
0.26497
3.34504
1.02363
3.30580
2.21244
4.41767
2.09072
3.42997
0.92989
1.73258
19.65279
0.16743
3.16910
9.77605
1.26984
3.82896
1.93340
9.57124
7.17170
2.15314
7.24507
5.82502
3.89416
4.13234
2.48398
1.92470
23.13105
2.80342
1.42802
3.67290
4.19895
6.27659
1.46567
1.62218
5.00983
1.06359
3.24827
14.28801
0.95274
11.91713
8.61409
11.80197
6.10559
4.65969
4.34193
1.79105
0.76956
4.13779
2.54790
1.32515
15.45400
9.85246
1.79084
5.21843
2.14857
7.21892
27.04776
8.34285
4.63138
36.13396
7.65895
1.06992
5.61976
9.27929
6.93532
3.28791
1.41665
7.54568
15.76957
4.55027
0.76141
0.32272
3.61921
3.78540
14.75432
0.45523
4.72077
13.43652
0.22708
1.23479
8.36755
1.24466
6.26006
2.53023
3.32059
19.26426
2.30919
3.54053
1.55911
2.60349
9.72357
0.68854
0.94372
8.87191
6.55924
3.56033
22.99525
11.41982
6.17335
2.00402
23.91064
1.04404
1.58089
11.06358
1.52408
11.31918
11.27157
1.00346
0.54750
1.00792
2.28794
2.54523
9.08749
0.06339
6.56263
4.30074
16.47416
11.17202
6.20624
2.41758
4.66699
1.31778
13.99410
7.09971
1.60047
7.31193
0.54491
2.44951
4.25831
2.25883
1.77317
0.29727
0.67485
0.05066
2.65660
2.30714
0.83612
0.58356
2.84768
8.14283
1.69349
5.80278
0.92294
10.36494
3.72253
1.09816
0.52965
1.87910
1.08154
1.02895
0.24087
3.26125
6.07694
0.70359
0.95269
7.27823
7.42662
2.62903
6.87227
1.15416
2.34004
5.26598
2.21727
0.00122
0.54156
1.72927
0.58459
3.74336
2.39628
2.35887
1.18635
25.89364
1.70969
2.79560
1.37573
6.67773
3.59869
0.05777
0.36417
4.69074
3.96459
3.06702
13.65659
1.80117
11.77911
2.87037
9.72369
1.01955
1.77985
8.24011
8.66988
1.14900
4.66789
2.72642
2.32791
0.37462
1.25100
1.96719
6.90428
2.04319
8.89028
1.01934
6.30860
8.55299
0.03604
6.06988
0.44979
11.97905
11.54065
4.50719
4.63096
2.89163
0.09575
7.72165
3.09034
1.71810
3.44682
5.10615
13.70833
4.25512
7.82307
3.50910
0.36153
2.27522
1.73278
2.91815
11.22012
13.98881
5.61809
0.12176
2.12314
0.00046
3.98929
13.22313
0.90433
7.37612
7.42389
1.98335
2.16548
5.71991
0.87544
3.22196
4.96945
0.84357
1.63661
5.36732
24.02836
3.12728
16.18145
1.96929
3.63271
3.44870
8.44480
4.00976
9.62173
5.40520
2.17053
5.92377
0.30929
0.79875
2.97692
2.99643
3.86058
4.53215
4.33427
3.42415
1.85567
21.85058
2.51649
4.54079
1.81021
0.39267
2.69593
7.23497
6.16560
6.77865
9.30573
4.63636
4.86650
6.79800
4.25754
1.49772
2.53302
0.78046
15.32940
4.31796
2.70486
1.48706
7.88794
8.54510
1.14967
2.57971
1.52900
0.43275
3.34728
0.16113
23.68938
8.50147
3.88286
0.58969
6.86983
0.68559
3.59280
2.31710
1.40093
11.79601
8.33462
2.40831
2.40340
0.99042
1.11928
17.96919
13.40028
6.42569
19.41155
6.41227
3.29669
3.68780
4.01819
4.05093
5.30770
0.37684
0.81891
0.48309
10.61293
9.13345
23.89172
5.31669
3.72702
2.25672
7.62536
6.07390
0.51297
7.71016
1.17160
9.38604
1.41435
14.12982
0.87421
0.03491
14.73423
3.95768
14.02064
0.96853
6.05961
8.55797
0.16793
0.55865
6.48973
0.75531
2.85833
0.16546
0.45812
3.20969
15.39392
4.88232
8.07776
0.45730
20.12848
19.16720
2.38858
1.93692
11.92995
7.86233
26.99706
0.23092
4.05175
10.67389
1.25247
0.85702
2.64190
1.65577
27.58394
3.05446
0.27255
5.09402
1.27820
1.79604
10.38776
0.82828
8.09450
1.46801
0.80677
2.63747
3.32704
0.65512
14.70411
1.20994
2.56485
2.59274
2.35081
1.69128
2.50771
6.69243
3.34773
8.09802
4.55702
1.58183
0.98771
6.48392
8.16899
3.41087
7.39873
0.63699
2.49317
0.51283
2.29112
0.79167
0.76352
0.76068
14.24507
9.50682
4.90973
2.62812
13.06083
7.56338
0.45521
3.96808
7.22590
3.79027
4.82492
6.31102
0.66730
8.82448
4.15672
0.91238
2.02967
4.46532
1.24371
1.25977
1.34660
0.83777
8.03685
5.11834
5.50645
5.23910
7.10034
7.81981
1.16893
6.41289
0.28563
1.07824
1.36279
5.31494
3.41575
0.35176
7.61627
0.27941
2.83402
7.94313
11.85521
3.52584
11.90572
1.65039
30.88589
0.54892
3.14743
0.66152
8.03179
1.29541
0.17824
4.51063
1.73490
3.35467
6.89577
0.75957
6.85637
5.36359
6.07535
3.93446
3.37420
1.33196
3.58800
3.44966
2.85966
4.06812
1.87472
0.41837
0.45939
2.36288
4.74393
0.82583
8.71362
0.26520
1.15377
1.99279
5.59515
11.06930
2.27403
7.11429
0.58353
2.05361
0.41197
1.71441
6.07174
14.57704
2.27093
0.80596
0.43604
4.77691
13.26566
1.62978
0.46101
2.11736
1.77165
3.27233
0.37232
0.31842
19.13367
13.48768
5.87143
17.37566
5.90889
6.68533
1.30601
3.50152
2.77097
7.65123
4.32249
8.86995
4.73941
1.49650
2.12246
3.55270
2.49960
1.25976
1.17743
1.91978
6.38825
0.17778
0.54020
0.90396
6.64837
3.30932
3.00595
0.46738
10.28042
3.21595
0.13158
3.74181
12.46536
8.17341
2.48147
1.09166
3.87715
1.59220
4.23416
5.05896
3.82872
14.49729
6.42480
0.81382
4.07167
4.70971
3.05823
13.22774
1.55544
2.31874
6.25139
0.28533
1.43280
4.60868
6.24602
10.40122
8.27042
2.32725
5.81008
9.40132
0.50348
18.67776
20.89081
2.59488
5.27280
2.14642
0.28288
3.18094
15.71311
3.00055
0.75780
5.10244
2.85464
0.15759
3.09497
5.44215
2.04296
1.95337
2.39353
5.17010
9.63397
5.37392
4.24599
5.66809
2.43583
2.36667
3.91972
11.13697
0.27988
14.47382
2.31265
8.93217
10.47222
2.61073
1.92901
8.84797
0.26602
8.45205
0.27043
10.07748
2.50156
1.21691
7.75017
10.09549
2.96489
0.66546
2.55181
0.61807
1.86142
1.95509
1.68212
2.74312
9.25427
4.22749
0.15490
5.76958
0.44192
6.44436
1.77163
2.81894
22.58617
3.28266
0.56270
11.54963
4.47275
2.96042
8.27627
0.70862
9.85030
1.71225
3.92710
1.17191
5.55430
9.89019
12.15893
0.02052
8.69291
9.15586
0.45399
8.26748
3.28317
34.84140
0.99276
5.17849
10.21352
3.57374
0.43988
2.90056
9.40374
2.05525
6.69327
1.32744
9.72956
0.01372
0.29353
1.67102
6.65761
5.81575
8.29977
1.03280
4.06838
6.15376
0.71464
2.75277
4.38797
15.68423
1.42533
6.35073
7.06224
6.23177
0.66215
5.67881
18.59888
4.68634
7.01769
0.43382
7.70172
0.73343
0.37241
2.10574
5.68686
5.38235
1.31439
0.93712
2.98580
11.31880
7.18200
4.46968
1.20771
3.60645
6.16995
0.02336
2.14851
5.13274
0.16760
0.17491
7.62008
9.12744
6.66201
4.46967
1.13107
4.97537
3.67633
0.50993
4.10581
1.47199
0.60412
7.90101
10.30744
0.33536
1.84039
3.42173
1.15441
0.22254
5.32233
0.31820
1.63235
1.94917
8.56153
1.04496
7.33698
4.18703
2.50554
1.92106
5.21333
1.81151
0.57990
3.33999
3.26512
3.24479
8.63726
7.60797
17.10724
29.34066
3.14823
4.05923
0.29719
10.11244
0.00780
1.19336
4.21123
3.71658
5.99729
0.41741
0.60262
2.03273
2.84056
1.50494
2.21006
2.81056
13.64029
6.51143
0.09533
2.71385
9.09846
25.52346
0.05834
17.02740
0.87682
2.43233
0.78306
2.71940
5.73025
1.28759
6.42976
7.03252
1.88394
2.21540
18.86411
5.33183
0.33525
16.74433
5.51572
0.01238
4.26247
2.04739
1.14508
0.66667
17.03081
3.89241
9.83762
2.07311
3.17359
9.80062
10.81933
1.17972
2.77261
14.72572
0.23007
9.09758
3.61566
6.77512
7.72207
7.24451
1.39766
4.43052
0.87132
10.15077
20.63874
0.44826
1.26679
4.17326
2.04431
2.03321
3.67608
6.02345
3.61788
2.18804
7.19156
1.27124
0.96006
1.32076
4.82274
12.81187
8.55162
0.94805
10.64058
13.69516
6.26818
1.06699
6.50334
4.74499
3.72559
0.40380
16.16918
6.06187
0.40810
1.86236
3.38913
6.91321
10.56019
3.47777
6.16028
3.73527
3.59264
0.54524
2.24703
0.13354
13.99366
5.52364
8.68449
10.02740
9.56943
10.06007
4.40229
13.89220
5.88641
3.57039
4.17429
8.82470
5.88492
17.74225
3.23308
1.38368
0.07810
3.45663
1.00178
3.41168
0.86668
6.87604
2.64952
2.22760
1.47072
13.53116
3.41256
5.21809
14.45769
2.28239
4.30253
3.56023
8.48919
24.29251
3.90674
15.15707
0.56195
5.36059
1.47683
1.29580
0.29396
5.11101
8.42694
2.93582
15.26799
11.36112
3.37483
1.90452
6.69962
8.82447
4.11707
11.29549
4.58756
2.62625
1.14287
1.26672
2.51541
2.69955
10.25051
4.24050
7.48362
3.96866
5.11735
3.22417
3.72182
0.33868
6.66561
7.65509
2.43422
0.22220
3.97800
8.79037
10.02524
10.23899
4.34623
2.28126
0.90863
8.57049
4.83582
5.30224
6.46941
2.99138
1.11858
0.51097
6.27823
8.58729
7.48357
3.51042
1.53004
5.16045
1.85519
10.24597
4.67812
12.70977
0.42007
2.11481
5.64404
1.84521
6.04598
0.92044
10.53424
12.72832
19.22135
1.75872
13.54508
4.75850
0.44737
3.37175
0.23424
1.25296
2.94164
8.71685
15.62505
4.09502
1.66321
13.10738
1.16683
0.76667
1.23929
4.83053
11.02973
7.36682
4.80903
1.98559
2.59949
10.04339
0.39224
0.47682
6.68297
0.78103
4.28177
14.36041
0.21646
0.39522
2.11362
0.22967
3.92084
4.72766
13.54725
0.52622
12.92100
8.12261
12.99888
2.58143
6.28370
0.31211
0.31288
3.16920
0.19551
3.35503
2.29243
13.69175
18.39107
1.92586
4.88231
7.84750
5.06223
3.69678
18.27859
5.35622
1.28754
4.52671
1.06226
10.50570
1.22782
3.49895
0.75604
4.06038
7.45166
2.69667
1.31186
4.97354
1.38803
0.55196
4.95527
3.41467
1.33832
10.19043
2.72517
14.07669
3.67693
0.34694
5.52697
3.82543
7.98906
1.73464
9.97112
1.40553
4.45303
1.67794
2.47655
0.67359
1.88735
1.21870
3.38277
11.15108
0.86293
0.84064
16.05155
13.82939
3.36164
6.11318
0.66871
15.94775
6.24187
10.33142
1.79419
3.72872
0.40410
11.60977
3.89915
1.53338
12.28092
4.63836
1.67163
1.22483
5.02409
7.19460
5.23473
4.68761
2.78329
3.99212
1.25206
0.47556
10.99800
21.81256
7.40191
4.02939
2.41638
0.68753
1.19520
2.95820
5.85909
0.72505
6.26679
9.86620
6.51602
1.20927
5.13168
7.21342
4.97815
19.04437
2.05050
0.77681
2.96194
5.21678
2.44790
1.55586
2.61426
2.10537
10.05132
5.20464
24.73641
4.90613
10.46234
1.88640
0.13601
0.03097
7.34792
0.16369
1.95400
8.39730
12.84745
0.05909
3.08311
0.98852
15.14328
10.06619
2.01717
3.95005
1.87307
1.57598
9.00379
13.13705
2.85747
2.53117
2.53962
3.43842
3.15152
2.91581
3.44772
0.88303
10.53608
5.59911
1.33213
14.55519
2.36183
2.67527
1.03855
1.71212
1.30423
10.99453
5.90899
9.18510
7.84517
0.02521
3.71701
2.36272
1.62806
12.23046
20.81233
2.00099
0.88076
3.49631
6.51648
4.93379
4.98230
0.63544
8.66541
3.98256
6.61870
0.09496
1.03301
0.71904
1.27568
7.11230
3.41251
4.21608
3.87933
5.21135
15.55959
8.81570
3.56110
1.45006
0.40612
0.97485
1.10160
2.46717
10.73926
0.20057
9.64044
8.73697
7.09816
0.08826
0.45193
3.38287
0.36869
6.35238
1.87421
11.36592
0.82832
12.57603
1.22084
0.74922
8.67201
3.17648
0.03639
9.96474
1.95672
19.22896
9.25654
7.35334
1.25454
4.32739
7.26776
4.07316
8.85155
0.52909
4.84884
1.63811
1.71722
2.67776
0.50908
31.94761
7.57185
2.21060
4.56006
2.30634
3.15712
3.23112
7.59331
1.05004
4.91832
1.24921
4.79973
2.37073
0.21101
3.91888
4.61299
3.16008
7.26355
1.43623
1.44147
3.15916
0.59745
12.55794
1.72702
6.89684
0.21566
3.52976
2.64852
2.50316
3.33775
4.72989
9.31586
11.22196
4.49704
6.63578
1.59066
7.63153
1.23310
2.36973
16.76716
2.21080
0.22587
2.08048
8.42573
5.87685
4.53226
6.58731
9.55058
3.48302
3.38558
6.04075
12.73498
6.60011
2.23310
0.58695
4.36540
1.99558
18.09097
0.25356
0.35792
0.28188
1.80487
4.14175
1.23918
2.03487
1.31532
4.33952
12.08393
5.74143
0.87283
0.66511
2.48415
5.72045
6.82164
13.36376
1.61269
3.85869
5.24234
4.28492
2.77648
2.68184
0.60504
3.95051
0.02204
12.67996
0.92068
4.12595
21.02519
1.34450
7.01029
16.54860
0.53069
2.94284
0.34874
1.94004
0.08863
1.76676
13.85707
1.99325
6.13739
0.17347
0.61360
0.06390
2.69835
3.72108
10.82273
3.69613
14.50614
2.22396
2.69264
1.88293
0.14741
1.62446
0.99236
3.93834
2.70676
20.40176
13.74644
8.04348
0.55197
5.10324
2.65198
1.35246
1.00969
1.35424
7.14956
4.37795
13.81827
0.73004
1.21024
0.99857
5.19210
0.46581
0.30024
3.74366
9.84668
4.46063
7.40586
4.31672
5.38116
10.38669
6.00582
6.24505
14.82376
1.16891
5.69059
5.64935
0.39236
3.01008
6.11071
5.80357
24.97879
1.60105
0.92588
0.41086
9.48070
3.27594
2.38867
3.65884
10.12130
13.98105
0.44041
0.38021
5.30566
6.00623
0.71346
19.01446
0.52637
2.38538
5.21641
15.12378
5.86051
4.76595
6.92077
1.41651
2.62065
0.34224
11.78127
0.66766
11.29051
9.47503
4.78762
7.13821
2.87582
0.91795
13.54997
6.16123
3.09410
0.49564
0.74753
12.94516
12.40378
4.47321
0.40028
0.24499
5.57728
1.38089
12.21052
0.91434
8.51976
6.89052
5.93050
17.85376
0.75328
4.05697
5.86811
3.69060
0.30045
0.95382
11.88224
17.32907
8.64333
2.60192
6.43631
9.22777
3.86808
1.24328
0.41456
1.78776
2.71062
3.74031
3.74287
4.74622
0.66466
0.32161
0.20657
1.27650
10.40649
0.11406
0.37182
3.44397
8.98839
2.27804
1.81418
2.18577
8.88149
1.04179
0.66435
0.73762
1.25265
4.99007
7.14470
5.58828
2.10926
2.96945
4.50535
0.50682
0.67598
2.08176
5.39739
2.86750
2.76153
3.92854
2.73363
2.59594
7.41936
10.42569
0.29321
1.54457
4.16300
2.11863
0.46764
5.17479
3.11145
2.99504
17.82163
0.48381
0.43526
1.11738
10.10084
8.92595
2.32385
3.44920
5.30197
2.60071
1.91776
0.51288
3.56366
3.25096
5.50484
9.53833
2.52777
3.39209
8.42391
4.05377
12.12181
32.82761
2.03414
4.46850
4.60760
1.48687
1.94244
3.30225
1.01857
4.64134
1.38871
8.61030
4.92398
1.94849
1.56755
0.86079
0.46240
4.58250
4.65839
9.39717
17.19145
0.91314
3.02222
0.10357
4.19056
3.83778
0.49525
14.30818
0.29370
8.04148
7.15197
3.69260
1.55335
1.24163
7.51553
3.24747
3.76851
1.52958
3.45706
11.95524
4.49213
0.13103
6.23816
1.78039
0.36164
6.21946
1.17387
10.03213
22.68947
1.33263
1.37028
8.23656
3.80086
1.64337
0.08316
1.27998
15.14022
2.29853
11.40881
13.71026
23.58188
4.82097
5.26904
14.90432
0.32019
4.10376
1.34736
0.49961
1.10310
2.78042
0.10368
13.49060
2.17028
0.81169
3.22446
0.21391
10.33061
15.69424
6.14812
4.53088
9.82362
6.96159
3.31254
0.17481
3.14966
0.67307
7.54542
7.24830
1.36318
5.30531
1.72704
8.05508
11.51512
0.19037
11.18626
8.82313
7.67592
3.52046
18.25833
11.24064
1.34358
2.61354
12.08343
3.80906
0.85791
15.05874
0.00511
0.94315
1.40390
2.88016
2.40880
2.47567
1.93829
0.07982
1.02322
2.21361
0.50032
2.22940
0.73497
3.93282
19.28230
5.31535
16.28528
11.71435
5.38890
6.54782
0.84162
6.62001
1.04833
15.27550
0.45516
2.47121
0.95133
26.01065
3.27397
13.50495
4.50684
0.67947
4.32153
3.22632
1.90415
10.93316
5.53816
18.55546
0.28243
0.24037
10.03048
1.38698
2.77506
5.84440
8.51163
7.31661
6.93048
2.72104
10.32460
2.49174
1.07118
0.47480
4.16415
0.12610
4.24867
3.71674
14.68698
0.92396
6.68244
5.67674
6.66189
3.38413
1.26843
9.29129
0.24333
2.06062
5.86094
0.30193
9.87550
0.36670
3.56333
14.32740
6.81785
5.56987
0.38338
3.71412
7.23102
4.40357
6.35449
1.75694
6.50746
2.46201
1.77546
3.13842
17.95746
9.35432
10.56346
8.94482
26.01319
3.74771
1.72040
19.95662
3.33259
6.27366
2.98512
4.99087
7.02987
0.68134
0.35006
2.99726
0.33383
3.35232
6.18043
1.43313
2.72489
2.43225
16.81220
4.93452
3.88227
1.15653
6.28535
5.13158
5.10820
2.66103
0.66479
3.02367
5.89109
2.22470
0.06786
4.24944
4.95946
6.30388
1.97500
3.00242
4.30957
3.58255
4.07187
11.80434
3.04367
2.08975
2.19239
1.08289
8.90143
3.53847
9.82100
3.60520
5.27361
1.76234
3.37024
3.03102
0.89929
4.73699
0.55350
1.42531
5.63325
4.14207
5.71886
0.18802
1.63833
8.51065
0.92748
4.09584
3.44781
1.97130
0.35713
4.37023
0.63661
1.69934
5.94693
8.32723
5.82244
8.93294
1.83362
6.42936
2.46004
1.37777
13.99925
8.36820
4.90089
1.58442
3.71298
13.87009
0.31970
23.57139
1.80301
1.16477
5.26604
2.88933
5.71268
2.68881
8.29959
0.37162
10.28071
4.56807
1.03386
3.21561
2.69693
6.54730
5.83579
8.49459
1.88245
12.41000
2.07214
1.81916
0.03885
0.50739
10.17553
10.82313
5.63880
4.71162
15.94421
1.25697
13.14690
8.72600
1.98560
2.90611
1.67805
5.33413
6.56345
1.87279
4.85347
0.93113
6.60393
7.63528
15.30909
2.47663
1.69474
5.63351
9.25419
3.73860
8.43884
9.43949
4.47140
4.34985
3.11194
2.03637
4.41430
5.19380
0.59374
10.06919
5.69643
15.74452
26.60659
10.43034
50.90419
2.25643
0.90037
5.41983
0.07413
1.98892
14.77161
0.64322
8.42573
5.84538
9.26188
4.41502
5.22139
9.24746
17.71658
21.76869
10.78675
4.43446
4.86011
4.82143
1.42283
2.71258
2.26839
6.68753
0.95419
13.95336
2.44006
0.48660
4.28769
2.39285
1.27383
12.95037
1.32051
21.81682
15.49582
1.27638
4.17036
0.51375
0.80078
1.51263
3.35086
1.03509
8.88519
1.72070
5.94994
10.95200
7.29997
7.52296
0.17849
2.62238
3.59906
4.83014
2.54977
0.03842
5.32287
5.79864
8.26757
3.88369
2.56190
3.12178
0.32195
0.48165
3.32400
10.27060
1.41630
11.09450
4.56988
4.83635
2.05145
1.54809
1.49875
16.88030
3.52450
5.77839
2.69097
0.22403
2.86848
1.67105
8.47763
10.16389
7.27596
22.89274
2.51663
11.16299
3.05791
2.04458
14.12711
4.83719
2.57017
0.58694
3.93390
5.00280
3.58279
14.26364
3.06863
9.87110
0.09285
1.26764
8.14310
3.09492
4.41325
1.03770
17.12908
2.47943
0.04881
1.55049
0.88970
5.29519
3.61976
2.72170
0.92054
0.87799
5.57178
0.96804
2.25771
10.93341
7.19528
1.09073
0.24328
1.07871
3.72202
2.46556
4.41162
13.40235
1.11600
0.85303
0.57811
0.58515
0.97732
0.21760
7.14664
1.31198
14.14253
5.81108
11.64592
2.68074
15.23453
4.23627
5.73040
2.43907
0.23188
5.00826
1.43853
0.29419
2.16811
2.67359
10.61967
3.99984
10.99329
1.31124
0.18677
1.29369
4.23944
1.44778
2.19997
4.73097
1.48226
8.35048
2.87071
3.50808
2.22788
9.81816
0.95265
5.60357
0.69641
1.09462
3.80080
1.02279
0.95992
9.26278
0.30532
4.37047
2.97998
0.57286
2.47492
7.36791
3.07392
3.28407
4.05998
0.96864
0.06144
1.56614
5.89037
4.65431
2.98074
3.62250
10.80226
4.68026
6.99106
0.15635
2.70411
8.00024
10.95997
7.19187
3.22006
1.63779
3.59507
0.44232
14.99869
0.04928
9.41029
5.85661
4.01047
13.44999
0.65403
6.75259
1.16913
1.64047
26.03292
11.10860
6.82090
1.76318
3.24225
2.34526
4.84440
4.80436
2.00349
7.78316
1.98797
8.11143
3.55022
1.82702
2.15225
8.54865
2.31130
16.91223
0.88341
15.79130
6.17693
8.82741
1.43721
6.45251
9.48879
4.08345
0.64212
4.33926
3.89886
8.28294
2.65378
8.06672
6.08550
5.31181
9.49035
2.08928
1.90037
1.01738
2.05486
10.40564
5.45784
0.31444
2.72191
4.37548
3.25438
5.49062
13.58032
3.24265
0.38658
3.38442
6.24247
3.04952
0.11960
1.48294
3.67059
9.40358
1.47802
1.22369
4.94966
3.36550
2.05911
1.97330
4.83267
4.89442
0.53212
7.64604
8.15042
1.68900
12.70100
7.10829
1.37259
6.22422
8.63169
2.97680
1.32357
10.19416
0.27142
0.19422
2.13045
0.36854
1.38745
4.71530
7.45938
1.51722
10.90637
3.77590
15.84780
6.62995
0.37077
1.20409
14.60241
18.17951
16.71177
8.33322
3.43999
0.60476
6.16851
4.48986
11.87294
0.32382
0.00106
4.23268
3.55543
11.93362
13.11020
11.29409
0.56074
0.17802
9.84933
9.04908
15.63852
3.95314
0.07977
0.04391
14.31342
0.32491
2.81865
2.75485
4.74774
0.58660
3.58105
0.48680
1.16405
6.76132
8.01271
2.05216
9.78979
6.97100
2.05661
7.18871
15.79475
1.12864
0.55872
13.97884
4.97700
3.87395
1.95245
1.67583
1.76231
2.89626
6.87982
4.83989
9.57462
2.87176
3.34033
0.31999
12.27964
1.35352
11.53321
0.54598
4.54032
5.52353
6.10027
2.03321
3.63941
2.36342
6.67772
3.49796
3.31452
3.21139
15.80080
0.33153
1.47968
2.36109
9.82185
12.38081
0.61405
2.10298
4.62335
1.76468
0.20035
0.75987
4.64261
13.42181
5.61073
17.21264
2.98839
5.76184
10.24019
0.55023
2.57788
4.38235
0.48585
1.70740
15.83096
2.16929
27.23809
4.83606
16.93394
5.04015
3.50529
6.44176
11.25153
0.51870
0.93689
8.24312
7.39302
6.86936
6.56868
0.24317
8.70159
17.25969
3.30815
2.72537
1.97526
0.21486
14.52867
3.58290
0.69999
5.28446
24.14055
3.63376
1.12809
4.82085
3.42698
0.57143
0.50924
3.29501
4.59973
6.47086
7.70302
0.37201
0.52978
5.87077
1.69421
2.63485
1.72549
0.50814
0.76007
0.96266
2.83406
9.69740
3.56551
3.82501
0.78458
7.50231
4.35899
2.04326
19.98059
17.78469
4.14177
1.42364
2.97856
3.24786
1.27089
1.54660
4.14370
0.44597
1.01617
0.05107
7.85654
15.39030
0.32469
6.41005
2.65730
6.99085
9.57498
4.80739
1.24859
0.05684
19.65174
16.58492
3.92471
4.01271
1.77244
2.07673
3.49105
13.37515
12.55207
5.86198
0.78505
0.79036
2.39754
30.55808
6.72563
5.47102
12.08431
7.98450
1.04605
6.78416
4.78526
6.39195
3.43113
0.72262
5.16122
1.30771
11.53553
10.64293
10.43527
0.29584
4.52419
7.11800
0.59522
1.50075
14.65025
4.59562
1.26711
2.59854
18.27644
3.18659
26.85075
7.79905
4.26615
4.67282
13.32263
5.82773
2.38724
3.76386
11.94348
17.60954
3.18019
4.73771
0.24843
5.69581
1.77493
1.24369
0.85139
3.25730
7.52732
1.70310
5.88884
0.12410
0.14304
25.34840
2.36984
1.01739
2.25587
14.81607
10.39224
0.17861
7.96878
3.16442
3.60095
6.31029
2.76926
3.28961
1.14290
1.80953
3.22549
9.77028
3.25594
2.52004
8.48359
3.92702
0.51216
2.05097
1.09439
13.83815
2.08965
0.65687
0.66583
3.59263
0.41562
4.15962
2.63765
9.86158
4.24411
18.59520
1.84196
0.80414
9.95334
0.49625
19.58858
7.30555
0.72877
3.86726
16.44960
8.68385
3.29599
1.87232
3.92689
10.91099
1.66892
5.73591
1.53159
3.22876
4.98533
10.71282
5.06886
4.74243
1.06069
4.73575
3.39073
3.37269
5.18426
7.05970
5.09396
0.87257
2.41271
3.49642
12.64489
8.10361
1.91151
7.17593
6.79642
1.17475
1.24748
0.54241
9.66308
10.16513
1.87439
1.99424
13.58827
1.39364
2.27478
2.28159
10.09579
4.34134
3.24839
0.85137
2.69460
0.85557
1.89931
7.17507
0.25254
8.19995
6.76876
1.53813
5.19834
3.56352
1.39107
8.72571
0.84823
3.48290
1.81440
10.27889
8.51094
2.13747
3.10227
10.51971
17.52121
4.84699
12.48190
2.51615
11.91823
0.89440
11.25099
11.73339
7.98709
15.01930
3.00485
0.32186
8.60350
3.89602
2.88890
10.17855
1.18109
0.25197
17.57446
18.45803
17.40516
7.01585
4.11561
6.70089
14.60416
1.71469
2.37543
10.17319
9.74932
3.21846
3.02883
0.86529
8.30329
2.83858
3.25869
1.21458
5.30012
1.49789
8.53674
0.60330
2.27074
6.98183
2.17112
20.61128
4.50256
1.65242
11.51730
7.36237
1.08314
3.60575
3.99303
4.56878
0.73124
5.89925
7.71878
2.59207
0.13673
2.36467
2.19434
2.70585
1.11788
1.15551
18.38858
0.57295
5.33794
0.73377
0.19348
14.66178
5.50671
13.68917
2.65648
0.64132
1.12566
0.54388
1.51981
1.77158
1.87750
3.50429
0.21861
0.00425
1.74826
1.05377
7.27774
2.47855
1.18546
5.20314
1.20829
0.28731
3.95895
10.45560
3.62411
3.55053
8.29769
9.78624
0.34360
0.96387
8.04472
13.84438
5.31976
0.44266
21.70731
1.21174
0.82184
2.97982
8.73928
0.59622
1.53301
21.53715
5.12595
9.54288
5.47157
3.84620
1.22123
0.92180
6.02527
2.13945
7.87155
2.71729
4.01091
4.34806
14.74045
5.16521
0.05625
0.10025
4.78908
5.32161
1.34015
4.25168
9.31372
7.55064
5.11736
3.36483
1.02437
3.38039
8.73180
6.56050
5.24231
3.95328
1.35290
1.92051
2.50547
1.02189
5.94024
16.33628
3.17718
1.49550
9.90975
23.87018
0.22720
4.62352
3.74351
4.85185
0.59591
1.90655
2.45524
2.34894
2.16273
5.99385
4.57211
4.97079
8.63448
0.62800
7.32530
3.54095
16.16705
2.73148
1.22454
10.43226
8.09449
1.44586
3.55173
7.77632
3.24020
7.18292
1.98333
1.89213
1.38213
0.32128
0.00002
0.33930
5.71718
1.36834
9.97756
1.03974
3.82707
2.35016
12.81465
3.90192
3.78093
11.40978
1.55610
20.22676
8.51881
0.92495
3.23820
1.40709
3.81672
0.95217
2.06605
7.68382
1.21449
2.48130
9.45686
2.69821
1.39819
14.20898
8.11416
1.94753
0.42100
1.23924
3.52779
0.77419
11.26985
4.27173
4.42781
2.63067
22.59667
10.06463
5.02666
13.08497
6.34788
0.32077
2.40605
5.70049
1.97082
25.44989
3.46432
0.68283
2.87072
3.72982
8.72589
1.52636
3.92678
6.33495
8.85570
3.22390
0.27043
11.10577
6.20245
6.13575
2.68436
0.39268
3.01786
0.10522
0.03286
0.46828
4.75775
0.56981
1.36231
2.78937
1.53009
7.49691
3.79234
10.29433
2.98328
1.33909
9.62196
7.43743
4.90035
4.48769
13.89856
0.09561
1.93412
3.62531
3.10387
7.35063
0.68932
3.03851
11.55647
10.30470
11.31250
4.11428
7.42386
1.82039
9.95417
3.20372
2.42003
5.80286
1.45887
1.23736
4.00701
6.04175
12.70054
5.03337
1.00617
4.18751
0.46948
1.73375
7.11143
7.78543
13.84638
0.39738
0.26862
0.59172
8.52071
2.01091
3.42539
2.66927
2.32398
7.39188
10.29595
0.78710
0.10319
1.81164
2.70339
2.49663
0.94538
2.99286
13.58557
5.14619
1.16575
1.49745
6.46056
1.67500
1.79411
1.99549
7.33030
2.43442
3.08791
10.62127
1.06716
0.95024
15.45522
0.23876
5.87519
10.40297
3.94433
4.28617
1.22610
17.19788
9.85078
3.63090
4.15748
1.57367
0.89168
1.29403
3.08200
0.86011
0.87727
5.35683
13.14193
4.84694
9.40478
10.16835
6.52711
1.98610
4.13125
7.60891
5.30914
7.00114
2.47390
5.88081
6.19733
6.47070
5.06784
2.38920
4.86212
0.94984
9.19308
0.31419
5.00270
2.41016
1.28413
6.90912
2.78613
0.11541
3.38799
8.11908
4.43371
4.48367
2.79397
0.53074
4.81051
1.34810
39.95714
1.87956
1.42857
11.82641
2.88299
6.49132
4.56070
1.37695
9.83519
1.07606
2.06042
1.37212
3.52414
0.45301
8.06659
4.78025
1.44123
9.29210
3.21992
0.19326
1.30483
2.88573
10.89656
8.15766
0.26501
4.56717
17.43697
0.17545
3.67231
4.82890
8.31696
0.83384
4.80867
10.10377
0.76544
5.92763
0.13476
12.54542
10.26599
1.52284
8.73875
8.16369
0.07245
7.68129
2.47339
5.23525
1.23841
1.92040
0.79062
0.63928
0.89216
4.51824
5.48835
2.41577
10.01666
22.21574
2.29953
0.05001
1.43322
5.47890
7.52338
2.14737
0.81913
6.19526
6.15249
10.66343
0.30279
4.61429
1.15576
5.28764
6.03160
6.41515
0.88859
3.80355
3.51804
15.45014
1.57529
0.76931
8.77759
3.01245
0.33987
3.13851
0.76572
3.27590
1.87556
0.14882
9.97290
0.30528
3.13393
11.86241
7.21628
11.60098
5.08829
1.55805
7.75891
0.51345
1.50877
10.43236
9.31656
1.51930
0.13243
1.92420
9.04848
4.96094
4.05223
4.62530
11.48709
4.47683
0.21927
0.76619
9.48769
0.02874
1.89147
6.22593
3.21064
4.97615
3.38075
2.88850
0.58863
4.49881
0.87319
0.80329
2.79365
3.27874
1.58731
4.66300
15.43538
0.04305
0.46889
3.36637
8.57760
12.87938
1.13199
0.49750
7.97377
10.55308
4.66808
5.49164
0.40169
2.88165
1.04809
1.88165
0.41949
3.96208
4.97782
4.17982
11.22683
1.99201
12.87935
1.09474
9.93580
0.13062
2.45051
5.08381
8.56489
1.30162
0.77234
4.16487
0.40408
9.54907
6.97112
2.85369
1.25897
0.85006
5.97112
3.54721
2.00700
6.02303
0.48256
1.52668
1.90944
0.09831
1.34980
2.26245
0.23293
0.00195
4.16944
7.14527
0.68287
4.08361
2.24269
6.15295
2.07850
2.86547
4.40594
0.10822
10.53235
0.79463
4.99026
24.77997
5.40347
2.37642
14.34500
0.57419
2.34060
8.62995
2.64911
4.06466
0.88601
1.58110
2.59275
2.56741
3.90880
0.63019
1.56298
11.77768
19.28497
9.29163
1.29563
4.55139
5.42419
16.01322
6.34526
4.45800
0.79035
2.23358
0.71148
1.16760
1.14578
0.01800
2.57168
0.70852
4.29325
1.86514
13.77163
1.12541
2.84221
2.45655
0.32793
12.76290
0.31781
0.28297
7.08037
3.75729
3.42762
1.12645
1.36989
8.44236
0.20461
10.67558
11.22721
3.10626
0.45503
0.02528
6.93601
0.29840
5.87227
9.22021
3.71510
2.01513
18.50203
5.11308
1.89903
0.55482
1.20547
4.66885
5.93408
5.15487
4.84949
0.53842
8.20058
0.85592
1.89879
4.05799
1.16369
7.60423
1.21068
2.28083
1.47034
19.91464
10.15745
13.19285
12.35293
1.21083
7.15250
14.33548
1.71284
16.53308
1.06725
2.80260
5.80989
5.28241
4.52747
1.26961
12.60272
3.00838
4.11879
2.83392
4.58001
1.45647
1.07556
18.96075
0.26514
0.05820
3.29991
0.67075
18.71005
4.18291
2.58956
0.02202
10.19149
10.77557
1.35328
1.73340
13.26468
0.23137
29.67125
3.55067
0.18244
1.09219
17.62321
8.73610
1.43033
2.18792
3.38249
2.66542
7.67093
10.80644
1.27818
1.58356
2.80104
5.90861
2.98848
9.38385
0.63963
1.15411
1.39122
1.16485
10.66808
12.11745
6.04788
0.39430
3.24388
1.30731
10.03299
2.35957
5.58872
8.95502
6.33021
2.13877
1.84474
4.83861
1.26975
1.71327
18.89375
14.03337
7.23020
13.43919
5.34170
3.21093
0.80442
5.40411
0.59413
0.02756
2.34411
1.11347
2.14479
3.38525
0.69831
7.26622
2.13118
5.50844
10.27324
2.43498
4.74037
3.54163
0.49263
16.23308
0.59545
15.65497
16.77538
1.94553
3.68977
6.38279
12.45656
2.22285
0.22896
1.68661
1.07006
0.35892
1.06162
0.66139
2.90752
13.23109
0.34605
10.47386
0.45222
2.36600
0.82337
8.45786
5.25090
5.36445
5.88282
7.90713
0.57635
10.04106
0.11458
7.11967
3.12674
21.91839
1.50068
7.40596
5.21550
10.32384
0.37105
0.47829
1.29087
1.37595
1.82665
3.40766
1.91993
0.32369
4.35794
9.51758
0.12913
3.56232
1.53847
3.37610
3.36012
0.53777
9.28358
0.01548
14.93804
7.91827
8.19625
2.03441
1.04666
2.59158
0.30886
7.53663
1.29380
9.68041
1.66959
1.75150
9.81887
3.57352
6.30236
10.36186
1.24391
6.79919
4.62688
30.78206
2.32417
1.03075
15.70910
10.16243
0.66086
10.21750
1.37965
6.86916
4.04760
5.77501
9.07231
6.16692
0.16797
1.37459
8.99552
2.00070
3.57630
1.73271
1.64497
10.45152
8.61411
12.50651
1.06902
1.37644
3.89168
6.68076
1.07193
0.68828
2.55270
12.48208
2.92393
6.21365
4.29004
6.50829
0.78971
3.47233
4.22372
4.37643
8.18918
6.24275
6.52446
11.92484
1.17707
2.32337
3.38673
5.34166
2.80044
3.91811
2.71391
15.67246
3.75755
12.69286
4.56906
3.65904
0.98592
7.49868
9.91120
5.45420
15.50763
0.06584
10.36554
7.50294
0.28960
8.40630
4.04022
5.04919
4.30192
5.22704
3.76117
5.26616
4.20882
0.11568
2.36483
6.06825
3.06263
14.44451
11.70929
0.14288
3.40890
2.76745
21.37251
0.32857
14.05533
1.19992
13.29296
6.43309
9.42267
0.10550
12.34651
2.46248
1.50199
0.09936
6.06798
1.03667
0.70497
1.28427
0.58019
2.12455
0.49408
2.41843
2.39818
1.94383
5.15344
11.96136
3.22724
14.06879
13.26577
1.80606
2.16402
3.50827
5.78430
5.56767
5.19738
2.30421
15.07863
1.67488
0.17691
1.49324
1.29758
5.56862
5.82004
1.88067
8.50728
0.55913
0.95848
9.26869
0.95210
0.67538
4.39394
1.70538
0.74262
6.47190
6.87691
0.79301
24.39358
0.82955
2.60738
5.11444
15.87112
0.10829
0.53215
10.23437
4.34225
7.02457
7.08326
11.09608
0.95821
0.49482
5.09968
0.50530
3.58092
10.37981
8.11324
6.17831
0.95754
1.46040
0.29758
0.53249
12.04280
1.77942
7.68321
7.58526
1.49106
7.90224
6.46239
18.51543
6.97536
17.33709
5.45196
2.79242
0.63337
5.91588
14.29323
0.98708
21.86678
0.43280
4.74625
0.89586
21.27854
4.90917
6.04882
0.06855
9.87509
10.69389
0.86559
5.66056
1.36250
11.89198
0.01948
2.23582
14.98892
2.33393
7.38407
10.67470
3.94521
13.05589
4.11019
6.65467
0.43807
10.23178
3.01541
3.46661
16.83729
3.91262
28.73079
1.79144
0.32354
0.48782
1.89962
3.20396
8.27288
15.06775
3.36446
4.02647
0.00202
7.64553
2.82588
1.40421
1.38761
0.10106
1.82623
3.56436
4.93630
7.59038
0.13567
12.66641
4.08221
1.67584
2.07482
1.56210
6.96292
4.50907
0.94343
0.06453
3.50693
2.93298
5.18181
9.03630
12.54869
7.29092
6.19126
8.30675
5.15015
16.42640
12.15306
1.57494
1.67706
1.49654
2.92883
11.08240
0.92245
3.46133
0.50675
12.80614
2.02251
3.91457
20.69697
1.25875
4.21169
0.98683
1.84424
2.92481
2.25084
1.00687
3.40121
2.18386
5.62527
9.73009
1.48279
0.77080
0.64340
2.12480
5.34548
9.34936
1.88418
13.16863
0.43505
4.22833
1.31179
3.00127
3.19716
7.29003
0.07379
1.31154
8.00904
9.59332
5.73691
2.06204
9.59733
5.40970
3.32184
0.78667
7.81190
5.12664
5.77215
8.31621
5.67130
9.62237
19.23329
0.83639
10.24575
3.57740
0.45670
0.71289
1.84821
5.46866
1.48831
13.72687
4.37583
16.65593
0.74122
5.18455
0.53473
5.48606
8.60776
0.53628
2.08991
6.13146
1.03851
0.98334
5.35958
0.48095
2.15388
2.28103
5.83623
1.62777
1.15586
12.20650
22.95049
2.37242
4.25437
6.14040
24.76995
2.75140
12.40931
0.78084
0.20118
8.41382
1.48643
1.23442
9.08627
2.13338
3.39344
0.53844
10.09123
3.95595
1.81420
2.57778
2.47470
1.92834
1.81340
3.96679
8.16426
2.47178
2.04413
13.62760
13.90798
19.88365
12.75195
1.07677
1.56465
0.16420
20.84433
34.88907
2.00382
3.88045
2.39342
2.72549
4.10298
0.40257
0.89123
16.39258
5.14822
5.14887
2.78425
2.62764
17.94162
2.36742
0.69680
2.05647
3.03520
9.09566
3.16455
6.77481
3.60952
6.43665
0.84937
6.51987
6.52808
1.19868
5.15091
10.52464
23.95795
3.61210
13.24580
4.18168
4.61522
3.01178
9.04674
5.52656
0.41424
1.76076
7.48935
9.65193
2.87229
3.32180
0.39584
1.51199
10.96782
6.12414
17.28522
1.09452
1.68460
2.35340
6.34944
3.85026
3.95493
6.88320
3.31278
2.96167
0.75158
5.08791
8.40582
1.46586
7.28215
9.35656
0.20381
1.83241
12.01301
1.55226
3.71572
1.94154
2.77782
0.01423
7.31037
11.03328
0.43879
0.41797
8.96516
2.50234
8.43876
8.03236
4.74696
0.47361
13.29340
8.76991
23.02426
10.46180
0.46878
0.69643
1.54429
10.58218
2.76156
4.54031
5.17964
1.43769
14.04018
0.78661
4.78842
7.89933
6.20213
2.44199
0.38732
7.87984
1.04678
6.64428
9.38101
5.38545
7.62932
4.57127
3.45676
2.56251
5.73807
4.29924
9.10889
5.57230
7.05568
2.06868
4.85120
1.68840
3.48509
16.00272
1.65744
0.07248
10.46840
8.79277
1.47829
11.50253
8.07717
5.98227
9.39362
0.78314
5.22606
2.33553
0.80715
3.34784
0.00046
4.06397
0.70034
5.96670
43.54252
1.26737
0.52475
3.27501
6.99295
4.58709
7.30635
7.07631
1.22576
0.48580
0.80195
4.51430
1.77800
2.99933
11.13288
4.21952
3.61517
13.35555
2.29964
1.44578
1.95107
0.71078
0.89818
3.52646
14.11046
1.75560
4.17786
0.21263
6.95079
3.00860
20.38861
1.04064
17.72738
0.18417
8.43371
5.37404
6.17930
0.75962
10.60622
0.74215
2.19073
4.45616
4.64975
2.60927
2.54095
1.08351
3.64671
1.22636
5.24505
7.45781
0.38381
10.23370
1.69771
7.87169
3.66744
7.13403
0.33301
13.48217
2.90750
10.81663
0.91248
4.54365
0.98910
4.11952
3.53022
1.05240
0.18380
4.78164
0.22564
4.52098
2.48611
5.78703
4.04316
0.19130
11.58023
7.39721
15.73112
0.30724
5.39483
3.61335
18.44764
0.51354
3.69340
4.01273
2.01478
1.06379
0.12503
0.34303
2.42757
1.75691
5.41649
1.18796
1.62152
0.15412
0.94253
3.56703
0.17726
2.70468
12.60180
1.12225
16.15913
2.30639
4.13113
4.74013
1.12705
8.95508
6.93935
9.90862
3.17185
7.18579
4.81814
0.14958
2.27461
0.04321
4.80184
0.43334
1.69141
6.05849
5.97702
3.59381
0.07817
6.48584
4.14501
0.04291
4.86803
5.76025
1.00688
3.57734
32.59985
1.31519
1.32930
5.32453
4.72656
3.47258
0.01588
1.64690
4.08159
2.22071
2.73108
2.95032
0.06166
20.94104
19.50078
9.38752
0.05650
10.03870
15.77214
17.06395
1.26848
23.13368
3.62519
1.55407
19.95662
3.33503
12.88887
4.95673
1.84267
8.13351
0.71984
4.25539
0.95918
8.09922
2.54332
19.96280
10.22156
0.05549
3.38147
5.63694
4.30992
0.08444
3.01513
20.93714
7.58491
38.50006
2.46672
17.83358
1.29223
7.33782
1.24781
15.65860
3.44522
14.16001
0.84011
3.04942
9.21918
18.67833
0.15441
0.59225
2.63102
6.02646
3.95645
0.35307
10.83886
6.67144
14.86300
20.95363
4.85294
3.46878
4.87750
6.06455
7.24533
11.09718
4.30684
5.00687
3.83342
1.67502
2.23360
0.97925
2.27173
9.41782
3.91215
1.53240
3.43841
2.96292
3.17961
4.46137
7.84615
5.88987
0.50125
1.19266
6.26487
0.08255
1.06869
1.99959
0.08136
1.47333
3.29863
11.08651
5.61509
6.66120
10.36818
11.15502
4.38697
4.01583
0.01365
8.31709
1.36153
2.85546
4.38889
1.37334
4.95952
7.86306
3.52549
2.03450
2.56436
2.71746
11.46860
2.02129
8.08343
10.41060
6.84147
13.43287
1.17261
3.80722
1.63106
1.10658
8.12241
7.76464
0.98105
2.17879
5.51309
0.31563
0.95367
3.45995
7.36481
0.38673
14.44652
1.64444
4.59608
9.27239
0.64175
3.38537
2.10482
5.17488
4.21574
0.25218
5.22080
0.79804
2.47252
9.67612
1.13890
4.62839
0.04962
18.40436
2.96120
1.60144
0.74028
13.47605
0.27396
0.54730
4.42857
3.17368
0.07822
10.54288
2.97927
7.96385
0.54931
4.97877
6.77947
4.02541
2.59556
0.08030
6.99544
5.44667
2.93845
10.44228
19.24319
9.97710
19.38711
0.13106
8.77987
7.49525
1.68718
4.02172
9.99623
6.11600
12.80205
1.59221
4.47084
8.62006
3.30140
6.11631
1.25997
7.43229
6.38413
0.95858
0.61275
3.52751
5.66778
0.27095
3.97919
4.92584
5.50527
2.02304
6.63365
2.34687
0.00288
5.75272
0.98688
2.92353
18.17733
7.38725
1.96823
0.61346
4.56551
6.46869
7.60201
4.41512
8.03456
0.52060
13.59560
10.09433
13.32587
2.97395
13.66733
5.26365
5.01350
6.47775
0.69581
2.93764
2.17844
11.98221
10.15487
7.83848
1.90174
2.07935
1.91175
1.94512
4.40595
0.20020
5.29147
0.94051
11.27154
0.92859
5.52253
4.49436
0.39486
1.27445
3.87104
8.66476
0.87893
1.97610
15.20667
0.58361
4.47458
15.08350
0.45272
12.79947
4.60543
2.19790
0.71866
0.64961
5.90528
0.06002
3.80421
3.96298
0.00109
5.28546
0.86924
19.93565
1.00427
2.06722
2.36141
3.82009
2.97016
12.35019
2.86141
10.83836
3.91731
1.13556
5.47850
2.01157
16.27624
6.60162
6.23635
3.99859
0.02446
0.17469
0.40479
0.22140
23.20062
6.07235
4.02357
5.20158
2.26301
1.34492
9.34315
0.47324
7.48790
7.18438
3.45265
3.18580
4.58643
10.99468
6.89464
1.01474
0.50614
0.30807
1.70102
6.33634
0.84069
0.59822
1.18386
2.52421
1.62919
5.25839
3.05665
0.23994
3.50389
2.36685
12.80304
3.76218
1.40125
6.30417
4.56036
7.66713
0.69292
19.45643
8.48822
2.50656
2.53341
13.09404
14.32131
4.30124
5.68327
7.67164
2.54086
31.91650
4.63061
17.18940
14.49333
22.85273
0.04380
4.34384
26.35629
5.39559
2.39948
0.11511
3.66288
2.49377
2.04168
3.11253
2.51228
0.18296
10.51976
25.83111
0.51472
0.62207
0.95148
2.65681
7.65641
2.11188
1.17973
2.96463
5.24040
1.73849
0.02763
4.78793
0.89689
10.00970
8.74678
3.45000
0.06846
3.91722
0.28261
4.61989
5.66039
0.23143
1.03518
0.32878
4.83270
5.46623
3.65946
9.96465
1.64927
1.66402
10.66034
8.74796
1.05492
11.60210
0.04424
0.29564
16.72109
12.50731
2.66320
2.52971
2.82417
25.63094
0.99534
7.36933
4.02127
0.98595
9.97308
0.75933
0.32276
5.22471
7.52470
1.98650
3.24727
0.98192
6.76334
4.05503
7.58996
6.36580
15.47055
2.43410
7.71152
1.06350
1.49077
0.37932
10.85399
3.94618
2.53940
0.29708
3.63001
0.60149
15.49274
7.07827
8.48492
2.27654
0.62895
4.38115
2.68312
5.06233
5.21501
1.71472
3.01142
0.88895
4.01720
0.33285
2.68437
0.42555
1.52851
9.80721
0.00877
3.00052
0.46205
3.67235
5.69387
1.13446
6.29264
4.67405
4.10363
0.20192
1.16701
4.76294
9.22533
1.39647
4.37468
2.20138
5.60177
0.83077
10.72232
2.41952
4.84212
6.07478
17.81684
5.05610
0.17370
9.69555
4.80422
0.80758
6.27157
2.93295
4.59337
1.11871
2.87221
2.14580
6.27245
1.65757
1.95361
12.00693
2.68126
18.19437
1.64041
9.24439
2.14236
0.98184
3.69235
10.07820
6.35984
2.10308
8.48295
0.80684
4.53128
2.57279
2.33023
19.10948
0.85811
3.45637
6.91614
2.13203
3.68181
12.26272
2.14733
0.27786
3.56910
2.95523
0.87889
1.19287
1.71068
8.20195
0.26348
6.85161
4.53419
2.18136
1.43998
6.08607
1.27935
1.73021
2.00621
11.69989
21.84900
1.98919
4.05510
11.43474
8.36311
2.66740
5.79745
3.97391
4.77852
0.04562
5.36033
15.59722
2.87401
6.93028
1.43736
0.57456
3.36829
0.57721
2.92808
3.40572
0.07861
0.94082
7.02402
1.83417
0.11704
9.28022
1.35762
2.70330
1.20340
0.75858
10.98992
18.20330
0.35152
0.06659
2.23530
8.95109
3.57324
1.41460
4.37358
8.27725
7.08839
0.36593
0.47260
8.71675
11.15267
6.64702
1.63535
4.65111
1.13891
4.99132
1.86500
4.52757
2.24419
13.58424
2.13804
6.11470
4.95424
1.17507
0.38385
20.92864
2.12753
5.25971
0.03532
1.91462
11.09247
9.65931
0.16444
7.16547
2.23678
0.01859
2.25056
4.40653
9.21836
3.85823
14.16873
10.58390
0.65064
6.80492
3.96946
9.97557
1.63178
14.82906
0.67488
0.61646
3.59806
18.74152
0.34260
0.25217
4.69371
3.06781
2.25898
4.64369
2.29049
8.24624
7.72749
5.26649
16.74553
8.29264
4.93397
9.50602
1.28471
1.39282
1.63839
17.36199
1.56399
2.45232
2.31537
4.40282
5.60689
7.28344
9.79742
2.31395
4.22565
2.32642
13.20600
0.35613
2.96747
12.82947
2.34633
10.35122
6.26455
6.07522
2.70503
4.65102
0.49116
3.46763
5.66036
0.06218
6.51527
3.68328
1.70576
0.21702
11.05547
1.61700
0.25205
1.36026
0.93915
0.62458
5.12843
9.39686
8.19807
3.65474
1.26737
0.47497
0.41998
0.26347
5.92328
4.02563
6.64229
0.35781
6.35235
1.62882
7.19992
10.96221
4.61747
2.99819
7.51352
19.65602
1.41117
10.42648
2.47552
0.05871
1.09762
5.08151
0.15562
0.14407
2.26039
4.94811
3.95503
11.48176
7.83684
0.91838
0.62511
1.06516
6.85645
6.57420
0.13676
3.26162
2.10303
6.24356
3.56135
5.55450
0.44437
1.53038
3.37851
4.78942
0.42923
4.83652
4.06029
5.08270
3.24158
1.02111
4.11989
0.26919
12.85846
9.20672
2.09391
3.99745
1.66177
3.07568
5.73910
5.51741
10.92060
12.87021
9.67004
1.46754
20.34009
2.64683
0.24876
6.22044
0.88112
3.61938
8.06006
1.37657
11.03300
19.60657
17.26658
1.22781
3.29328
4.48399
10.12025
3.19425
4.48460
6.09616
1.48036
0.35176
7.56147
5.57748
3.09791
23.12855
2.13146
1.68089
3.12612
10.18822
3.02501
0.83177
6.58377
5.43982
5.90489
4.76740
4.86826
18.71864
1.44054
0.67009
0.20205
4.84281
4.31401
8.53801
10.92319
11.55000
6.32085
3.14361
1.63459
6.83772
6.43249
1.72118
9.29518
0.44673
3.61509
8.17378
5.04821
2.42530
4.64329
8.96795
15.80154
0.93009
8.93283
1.42366
3.55336
3.25748
0.49331
0.11257
0.91501
5.77892
19.85273
17.13513
0.26246
3.32007
0.45380
1.23548
5.04232
0.87446
6.49586
7.23556
0.94051
10.90324
2.10234
0.95078
3.23692
22.78942
7.84705
1.91509
21.67694
10.70175
1.54793
9.92427
6.16163
9.54860
3.61416
1.70113
19.55735
5.60114
3.12793
0.71265
4.68939
7.34667
0.36232
8.90910
9.48308
5.68398
3.99852
11.29582
6.26775
7.63071
4.81523
1.76606
1.65099
2.84214
1.53461
15.16533
2.94821
0.46412
10.70323
9.56538
9.79821
6.86336
4.82357
21.27299
2.23780
1.10536
3.78902
5.28038
1.23275
3.10532
2.40182
11.29940
17.80645
5.18149
3.04710
4.56973
2.72731
0.50469
5.46271
4.10928
2.49426
2.00969
6.99410
3.98021
0.96134
7.75840
6.61476
3.36922
6.31478
5.96034
3.66944
21.36369
5.25908
1.56830
22.01970
3.13954
22.96874
36.67696
0.20941
2.31513
0.35813
6.57773
1.22357
2.03169
0.62510
0.96853
5.97965
1.03363
9.38547
15.30751
0.75755
12.51888
4.54491
10.96774
5.67930
3.53606
10.09498
1.24951
2.71900
11.25467
1.17967
1.58828
16.79484
4.60880
10.36564
8.52357
0.39835
0.27471
3.59351
3.71335
3.68320
0.81364
0.18313
2.80693
22.27321
4.93490
0.13368
2.65153
2.09194
1.15351
5.34384
14.50958
25.96195
4.27596
5.15139
3.05611
0.26225
8.55950
15.65799
2.61962
0.10305
9.42495
1.01068
16.28775
1.26282
1.22673
4.92767
15.22996
9.23571
6.99820
14.96089
5.36000
4.21587
1.31449
2.79079
25.32303
9.17211
8.71333
10.62722
4.32849
2.00240
2.02798
7.93632
1.31573
5.19135
1.11966
24.93618
1.78726
1.34513
2.37168
0.14789
8.74729
8.00485
0.07805
1.90407
5.91119
0.59691
1.91231
4.66649
4.19087
20.90846
1.87422
13.33027
3.23814
0.70728
14.58999
6.34874
10.35800
4.40891
0.83568
9.68423
0.73081
2.98929
2.13824
0.79546
0.08918
0.68276
1.33671
6.37941
6.72511
1.13023
2.32126
0.16213
1.39872
1.71106
6.23823
2.24534
2.55894
3.53862
0.53708
7.27859
0.29853
0.51310
0.97773
0.96774
3.84861
17.72514
8.52984
11.90062
5.95614
1.29479
2.76982
4.10169
0.92285
4.87604
9.37529
6.19438
9.31444
0.85561
2.68106
4.37778
6.03613
1.58409
6.26786
10.58289
6.25494
3.16955
5.43988
7.04926
0.38340
4.57401
1.02279
0.95963
0.27723
3.72857
8.88512
1.45432
7.91147
0.57229
5.98181
2.41819
10.33131
1.47196
0.30735
0.13388
0.31728
2.32097
2.78946
2.74241
3.16726
4.38815
1.15823
1.42540
12.04804
10.76526
1.21351
8.33811
4.59540
12.82166
2.19877
0.08457
10.49906
3.34984
2.86900
1.59418
2.59812
0.72582
16.44563
1.97842
1.13094
1.52093
0.45878
3.59013
27.96460
2.62502
7.50362
4.19704
13.92650
8.87995
1.84951
5.91902
0.93579
6.52998
13.75707
0.42633
5.34492
1.07956
8.57517
2.99862
4.33867
6.13288
4.50842
1.65197
8.09134
0.82478
8.32132
13.31369
4.51006
3.70804
0.18202
9.65179
2.28419
2.61785
3.42517
0.21152
0.94043
5.56850
4.04692
5.54800
10.75388
7.30314
1.46504
5.97682
1.84634
1.96221
3.01148
1.56622
11.00211
3.63371
0.66603
0.40418
0.87396
1.88362
4.82040
12.47751
0.97404
18.13241
7.38394
7.64929
0.91977
0.06287
29.97296
0.60369
3.65515
11.33253
4.04059
0.98395
2.17986
22.85502
0.46244
6.26670
7.30090
3.54533
1.25680
3.41165
0.55025
3.30319
8.50726
0.49486
7.16884
0.30238
1.70185
5.95980
16.48914
7.07454
7.47987
6.47030
1.58148
2.00682
1.74775
21.37775
1.84647
4.89280
0.31623
0.32342
6.41946
1.00771
7.74574
6.19526
6.14486
2.42114
22.66798
3.07687
9.12086
0.94379
0.09673
0.13950
2.92528
1.47300
5.18643
2.13676
11.78142
0.94370
7.56766
1.50311
8.30892
0.13884
1.69348
5.55308
3.62926
10.73990
1.72840
0.12325
1.33404
10.27123
3.68909
4.94921
13.05889
1.78244
11.50505
5.28216
1.78808
0.93405
10.95409
4.02245
16.86899
1.14105
2.13216
8.17201
3.21345
4.55809
6.15225
5.25281
11.84087
34.43685
9.38279
4.30693
7.35932
9.05968
7.65373
2.55122
13.92620
7.32933
5.01138
0.54028
2.79963
20.08905
4.62165
0.14601
6.13416
9.44132
3.72982
8.67771
9.51620
2.02702
5.24758
6.97441
0.99248
11.08264
1.48353
20.29513
8.38879
4.32535
10.66822
16.70960
4.02877
3.07017
5.60678
5.18652
2.94303
2.72982
22.85497
0.45322
2.84427
1.87464
11.41972
5.65520
2.70932
22.83892
3.74927
7.32354
0.72663
1.84550
2.42387
4.98402
1.52835
3.16294
10.25954
3.25861
0.36680
9.06364
16.03388
3.83408
2.00211
5.67845
4.34110
0.72748
7.41290
15.03816
4.45742
2.13633
15.43524
22.29588
3.57951
4.12613
1.46978
4.34994
4.60217
0.00935
2.54797
2.30929
6.14399
3.79884
0.52377
3.80972
1.11881
6.07644
5.00078
0.04387
8.44657
5.31610
9.23188
6.35966
0.93738
0.93621
12.58994
24.27455
0.37773
12.66669
5.00194
2.96067
1.63238
2.54936
0.99154
1.76830
4.31750
7.13810
2.13623
6.82602
5.96138
4.31199
14.86787
8.63262
0.03797
0.72659
0.98926
0.05358
0.77233
3.84144
8.28705
0.22989
1.38988
8.12038
2.95381
3.74045
6.95618
16.07234
6.94326
0.75690
0.09300
6.36052
21.25645
4.21847
22.76863
0.29580
3.17297
7.16683
2.96431
0.26979
8.78245
1.62051
4.35146
6.66628
2.39421
0.32295
1.36247
8.91300
0.30325
0.18341
2.17148
7.29317
3.19675
0.21629
3.85876
7.01466
4.31491
0.47831
1.60202
3.97148
13.72304
7.04667
14.75932
16.71111
6.59136
3.37011
1.34327
4.65399
0.09964
4.77842
10.94459
19.29009
1.16503
2.29229
5.16657
5.07331
0.23585
2.38858
1.91254
0.73080
2.68765
3.75203
0.82334
6.30452
13.65239
2.41398
0.73000
0.53043
5.65091
7.20776
0.68384
2.50831
17.74387
5.00784
6.62944
4.71745
4.39048
3.08811
1.37464
15.77715
5.75724
19.78040
2.13887
3.76848
1.25399
0.75205
0.10555
0.36440
1.86224
1.25794
3.05957
2.25575
6.07523
2.78198
0.16496
3.09213
3.74054
11.57414
6.93138
0.93757
6.21715
17.49391
9.60725
3.97899
2.02719
0.13066
3.58825
11.69949
9.71929
0.34756
4.48800
2.27951
3.00128
3.34683
1.53550
0.86006
0.13782
14.04511
0.77777
1.16111
12.69172
1.74474
8.87569
10.92542
6.83892
6.92092
2.31555
16.98006
9.63655
12.84026
0.86012
1.17205
0.18541
8.95698
8.44226
18.03354
9.18267
3.35494
1.11225
0.43679
13.06412
4.45712
13.37920
9.67548
11.27633
9.75884
0.12994
0.82436
4.98948
0.13736
2.99526
2.30918
3.19153
7.36913
2.56813
33.93549
0.19223
11.91376
7.51207
11.32724
6.20187
0.73822
16.57525
2.26732
2.88033
5.83208
13.90392
0.72624
0.87712
1.34590
2.19127
7.19581
4.84650
1.69752
2.06880
10.64909
2.07439
1.86715
4.24719
2.55065
7.56670
3.94522
13.52767
6.18758
1.25686
5.15356
0.30465
3.20647
1.45703
4.65967
3.97272
8.36461
2.23443
17.44890
1.49657
3.77001
5.22355
2.60009
0.37422
26.23496
3.87470
3.28981
4.09264
7.02599
13.30460
3.09186
0.15762
4.11390
1.24294
1.04699
1.78568
3.80523
0.76403
4.77701
0.29643
2.96335
1.48879
0.57980
0.95433
2.06860
2.89385
1.21213
1.06374
11.52539
3.30762
3.50984
1.78721
0.69447
3.89848
1.24569
2.57494
5.69178
15.88499
17.25682
0.98047
6.72770
3.17359
10.08913
4.66653
4.78486
1.13849
3.56214
18.40270
1.82579
3.35957
0.82515
11.11402
6.34288
2.03970
0.16145
0.22073
8.34261
3.00171
1.61123
23.71032
2.83139
7.55729
4.30743
3.21479
19.00414
1.96824
0.73563
2.84411
0.08611
19.30092
18.54410
0.64004
2.86880
10.47846
22.02716
7.40595
5.13595
11.65849
3.71674
14.57817
4.21512
0.82461
2.07621
2.18348
10.08154
1.20664
5.90801
8.92896
0.35488
3.97592
5.47647
0.24288
12.59567
3.92501
0.08937
6.79331
3.71924
14.49103
4.15904
4.09500
1.48112
16.33777
5.41248
5.23496
10.45579
4.53322
0.16390
22.34386
2.29916
1.38064
1.54187
10.99121
3.03672
4.77161
0.38778
1.26389
0.04866
7.68517
1.09070
14.60105
6.49873
2.48148
1.12115
22.24847
5.36959
4.53057
2.79172
7.71732
2.23062
7.08640
2.94608
0.59153
1.40774
1.02303
8.92201
0.80616
5.42216
5.28484
2.80793
11.45638
1.02422
0.44950
0.18658
4.83070
0.60542
5.55527
13.45981
2.23748
3.70050
15.15437
5.52036
0.93631
1.00939
2.74628
24.33419
4.90944
0.22869
2.50526
6.99742
1.83314
4.80654
0.67378
10.38691
7.94299
8.31108
2.61567
0.88156
7.06646
0.90760
13.69369
2.51225
19.11196
2.07700
0.49018
3.54586
0.51665
14.12872
14.12244
5.83889
0.31607
4.20183
11.56057
1.37262
7.65408
5.33415
6.90246
8.01185
7.04426
17.10353
4.46321
1.90507
23.99527
4.01146
2.73726
3.20930
1.48245
1.71991
8.32894
7.43936
0.49150
3.72506
1.33319
5.79580
8.18091
1.84453
0.66969
9.56010
1.32833
0.87748
1.47377
4.25826
1.70419
1.75867
8.78223
0.78531
10.51325
1.94728
3.63801
0.55872
14.33673
3.76759
8.31599
3.83608
2.95585
1.89933
7.96612
5.32811
7.15462
5.27946
0.78064
3.01402
15.21563
3.97683
0.27217
2.62808
9.58535
6.85247
2.00036
6.59789
2.22408
5.81673
9.01157
1.38704
4.42355
3.45833
0.21967
2.72279
1.69704
1.10259
0.20052
5.76797
2.37487
6.00224
0.47970
3.68639
1.70940
6.82324
1.85633
3.69498
0.44795
1.56687
3.28863
3.55358
9.57383
0.24965
4.05200
1.50543
4.27154
1.91616
2.81031
3.03721
3.59146
0.93454
1.53047
6.25120
10.12221
2.08272
7.74270
3.86968
6.13036
0.57543
0.46636
6.56149
3.95902
20.87326
3.45933
6.53863
8.38983
1.33771
1.79285
2.38190
2.46454
3.39516
0.23245
3.14560
9.18360
21.81724
18.00623
2.09448
8.36256
0.35236
5.40417
0.95726
3.15402
12.97549
4.00242
7.63504
7.55927
0.20910
2.41410
2.51157
4.66753
14.62860
6.13545
0.66814
1.68903
0.03463
0.09200
2.61767
0.76290
2.17461
4.39065
6.02710
1.05683
0.54660
3.15707
2.38378
1.90078
0.69409
2.69939
4.03926
1.03357
5.55702
10.56398
0.22113
0.66684
3.13018
1.00828
2.25625
7.26885
2.68299
2.30808
0.85232
0.54904
8.40307
3.86039
1.72858
3.14273
5.98108
5.10518
7.09613
2.31403
6.89429
10.82372
11.65092
0.26064
5.47700
5.10550
0.79025
0.34313
6.10137
2.79275
7.23003
8.02036
3.60797
1.01292
0.50665
4.80706
8.19612
1.41859
5.60542
0.87618
4.21499
15.68289
0.26713
2.19489
4.85319
8.57107
17.30081
9.35405
6.80016
2.91223
7.47586
6.01201
18.68235
2.18011
3.93381
3.31987
6.59673
1.91261
1.74665
2.30886
8.16493
8.92498
8.74313
2.29730
1.74469
6.58133
3.07259
0.38131
0.46391
1.38106
1.99547
6.29284
7.97188
4.44529
4.59310
9.23247
0.16083
0.02060
0.45887
7.95643
0.14590
2.13864
0.12618
8.63402
9.25748
1.55977
0.12778
0.40410
12.30508
4.03155
5.02520
0.74252
2.69632
3.78338
7.11187
0.79371
19.09912
2.50713
4.17681
3.64197
3.78129
3.17764
0.37798
6.21300
14.71585
1.76482
2.31469
0.72837
2.37529
4.48023
6.21667
3.57056
9.43641
0.13982
3.34590
5.31370
0.23432
3.25792
9.67926
6.48630
22.48049
4.11833
6.91393
3.30903
15.04706
0.34663
5.77971
8.38830
1.61430
3.22524
2.68367
6.06744
5.19046
0.73409
20.66390
2.94693
6.10882
8.33893
0.63469
4.49553
5.58178
1.09610
3.83795
2.28999
6.79668
2.88481
0.80100
10.20643
2.69562
0.93885
1.62435
11.58452
1.08116
0.72735
2.67519
0.10447
3.56365
3.05613
0.48428
3.44050
18.24419
5.38526
4.25101
10.91267
12.62650
9.94312
2.53804
1.85790
0.80495
1.10988
6.11791
8.30492
3.25803
0.30350
9.23574
7.34464
3.41158
20.96741
1.93888
2.31057
2.82484
1.49084
1.40417
0.75623
0.43122
7.31860
1.77300
5.54787
6.78696
0.18032
1.87959
1.97137
1.34822
1.83772
1.59413
1.59488
0.63671
4.18334
0.09746
2.78983
0.73332
6.72246
10.66598
0.39772
0.63292
2.11143
1.25894
0.46288
0.42016
4.70151
6.12297
8.39224
6.83683
16.47061
2.99419
2.60408
0.18823
14.92175
0.15654
0.26780
3.61078
7.28217
9.81917
5.28665
3.98012
0.22210
1.21892
0.39224
0.44601
1.73454
4.83786
1.53601
2.69392
8.85015
1.76887
12.62073
1.85586
2.84582
1.48553
24.44523
3.14407
0.53664
2.70248
4.59360
3.64916
1.04203
7.30675
0.35174
6.26791
13.70847
4.62636
1.88699
2.45100
5.10645
1.70453
0.58011
0.55082
1.00339
12.16472
6.29328
1.21781
0.79793
0.46498
3.66180
5.15278
0.61088
13.94097
8.77712
1.00535
1.80913
3.95596
1.93777
9.15766
0.27725
4.46764
2.63051
5.84160
11.10252
3.73772
2.62776
1.22996
0.74000
0.60960
0.62073
1.21179
1.64563
3.28626
2.37965
6.08920
2.09392
4.42703
1.96497
6.31156
5.09641
0.66510
2.11877
2.53552
1.15763
5.20729
0.78674
24.36300
2.29874
2.13026
5.29332
2.04137
6.98634
0.56083
1.74529
0.82908
0.33765
3.55563
1.31079
9.92686
11.61722
26.82834
2.88452
4.66352
5.09493
1.99414
6.18795
4.33102
11.33418
0.69867
8.21911
1.22143
5.76820
4.80451
3.66064
7.32776
2.71133
12.03908
0.95172
0.39326
1.38564
0.03852
20.04826
0.67342
8.56330
1.54490
2.29085
4.24906
0.42234
2.04763
6.97111
2.81774
5.87867
3.32739
